2

0
0.000000
0.000000
-1.669594
12.468644
24.805573
0.000000
0.000000
0.000000
0.000000
-17.152000
0.000000
0.000000
0.000000
0.000000
0.000000
0.000000
0.000000
0.000000
0.000000
5.000000
0.000000
180.000000
0.000000
0.000000
0.000000
0.000000
0.000000
-2.500000
0.000000
5.000000
0.000000
180.000000
0.000000
0.000000
0.000000
0.000000
0.000000
2.500000
0.000000
5.000000
0.000000
180.000000
0.000000
0.000000
0.000000
0.000000
0.000000
0.000000
-2.698096
0.000000
0.000000
0.000000
0.000000
0.000000
0.000000
0.000000
0.000000
0.000000
-2.952841
0.000000
0.000000
0.000000
0.000000
0.000000
0.000000
0.000000
0.000000
0.000000
0.300000
-11.806284
0.000000
0.000000
0.000000
0.000000
-2.051786
0.000000
0.000000
0.000000
0.000000
0.000000
-2.172303
0.000000
0.000000
0.000000
0.000000
0.000000
0.050000
0.000000

1
1.500000
0.000000
2.076982
17.899403
24.805573
0.000000
0.000000
-1.588860
0.000000
-16.065788
0.000000
-24.248943
6.109601
27.884361
0.000000
0.000000
0.000000
0.000000
0.000000
5.000000
0.000000
180.000000
0.000000
0.000000
0.000000
0.000000
0.000000
-2.500000
0.000000
5.000000
0.000000
180.000000
0.000000
0.000000
0.000000
0.000000
0.000000
2.500000
0.000000
5.000000
0.000000
180.000000
0.000000
0.000000
0.000000
0.000000
0.000000
0.000000
-2.698096
0.000000
0.000000
0.000000
0.000000
0.000000
0.000000
0.000000
0.000000
0.000000
-2.952841
0.000000
0.000000
0.000000
0.000000
0.000000
0.000000
0.000000
0.000000
0.000000
0.300000
-13.184156
0.000000
0.000000
0.000000
0.000000
-2.051786
0.000000
0.000000
0.000000
0.000000
0.000000
-2.172303
0.000000
0.000000
0.000000
0.000000
0.000000
0.050000
0.000000

2
3.500000
3.085001
2.076982
16.813248
24.805573
-40.738419
0.000000
-0.277830
0.000000
-13.390778
0.000000
8.190465
8.937335
-34.595169
-5.330029
0.000000
0.000000
0.000000
0.000000
5.000000
0.000000
180.000000
0.000000
0.000000
0.000000
0.000000
0.000000
-2.500000
0.000000
5.000000
0.000000
180.000000
0.000000
0.000000
0.000000
0.000000
0.000000
2.500000
0.000000
5.000000
0.000000
180.000000
0.000000
0.000000
0.000000
0.000000
0.000000
0.000000
-2.698096
0.000000
0.000000
0.000000
0.000000
0.000000
0.000000
0.000000
0.000000
0.000000
-2.952841
0.000000
0.000000
0.000000
0.000000
0.000000
0.000000
0.000000
0.000000
0.000000
0.300000
-15.662766
0.000000
0.000000
345.719055
0.000000
-2.051786
0.000000
0.000000
0.000000
0.000000
0.000000
-2.172303
0.000000
0.000000
0.000000
0.000000
0.000000
0.050000
0.000000

