19

0
0.000000
0.000000
2.076982
17.899403
24.805573
0.000000
0.000000
-1.588860
0.000000
-16.065788
0.000000
-24.248943
6.109601
27.884361
0.000000
0.000000
0.000000
0.000000
0.000000
5.000000
0.000000
180.000000
0.000000
0.000000
0.000000
0.000000
0.000000
-2.500000
0.000000
5.000000
0.000000
180.000000
0.000000
0.000000
0.000000
0.000000
0.000000
2.500000
0.000000
5.000000
0.000000
180.000000
0.000000
0.000000
0.000000
0.000000
0.000000
0.000000
-2.698096
0.000000
0.000000
0.000000
0.000000
0.000000
0.000000
0.000000
0.000000
0.000000
-2.952841
0.000000
0.000000
0.000000
0.000000
0.000000
0.000000
0.000000
0.000000
0.000000
0.300000
-13.184156
0.000000
0.000000
0.000000
0.000000
-2.051786
0.000000
0.000000
0.000000
0.000000
0.000000
-2.172303
0.000000
0.000000
0.000000
0.000000
0.000000
0.050000
0.000000

1
2.000000
3.085001
2.076982
16.813248
24.805573
-40.738419
0.000000
-0.277830
0.000000
-13.390778
0.000000
8.190465
8.937335
-34.595169
-5.330029
0.000000
0.000000
0.000000
0.000000
5.000000
0.000000
180.000000
0.000000
0.000000
0.000000
0.000000
0.000000
-2.500000
0.000000
5.000000
0.000000
180.000000
0.000000
0.000000
0.000000
0.000000
0.000000
2.500000
0.000000
5.000000
0.000000
180.000000
0.000000
0.000000
0.000000
0.000000
0.000000
0.000000
-2.698096
0.000000
0.000000
0.000000
0.000000
0.000000
0.000000
0.000000
0.000000
0.000000
-2.952841
0.000000
0.000000
0.000000
0.000000
0.000000
0.000000
0.000000
0.000000
0.000000
0.300000
-15.662766
0.000000
0.000000
345.719055
0.000000
-2.051786
0.000000
0.000000
0.000000
0.000000
0.000000
-2.172303
0.000000
0.000000
0.000000
0.000000
0.000000
0.050000
0.000000

2
4.000000
0.912698
2.076982
9.669857
24.805573
-106.170387
0.000000
-0.277830
0.000000
-13.587178
0.000000
9.831398
3.932490
-34.595169
-5.330029
0.000000
0.000000
3.300000
0.000000
-3.000000
0.000000
160.000000
0.000000
40.221939
0.000000
0.000000
0.000000
-4.735390
0.000000
0.202312
0.000000
208.328766
0.000000
-53.546104
3.468863
0.000000
0.000000
5.929658
0.000000
-5.000000
0.000000
160.000000
0.000000
66.873528
0.000000
0.000000
0.000000
0.000000
-2.698096
0.000000
0.000000
0.000000
0.000000
0.000000
0.000000
0.000000
0.000000
0.000000
-2.952841
0.000000
0.000000
0.000000
0.000000
0.000000
0.000000
0.000000
0.000000
0.000000
-1.603756
-31.732330
0.000000
0.000000
0.000000
-0.790000
-2.051786
-12.600000
0.000000
-34.000000
0.000000
-4.928048
-0.794430
-3.731267
0.000000
0.000000
0.000000
0.000000
0.050000
0.000000

3
5.500000
0.912698
2.076982
9.669857
24.805573
-169.251892
0.000000
-0.277830
0.000000
-13.587178
0.000000
9.831398
3.932490
-44.236881
-5.330029
0.000000
0.000000
5.472302
0.000000
-6.461349
0.000000
160.000000
0.000000
40.221939
0.000000
0.000000
0.000000
-5.821541
0.000000
-4.417424
0.000000
208.328766
0.000000
-65.847351
3.468863
90.000000
90.000000
9.036198
0.000000
-2.827698
0.000000
160.000000
0.000000
66.873528
0.000000
0.000000
0.000000
0.000000
-2.698096
0.000000
0.000000
0.000000
0.000000
0.000000
0.000000
0.000000
0.000000
0.000000
-2.952841
0.000000
0.000000
0.000000
0.000000
0.000000
0.000000
0.000000
0.000000
-0.794430
-1.000000
-12.600000
0.000000
-34.375401
0.000000
-0.790000
0.100000
-12.600000
0.000000
-34.375401
0.000000
-4.928048
-0.794430
-3.731267
0.000000
0.000000
0.000000
0.000000
0.050000
0.000000

4
6.000000
0.912698
2.076982
9.669857
24.805573
-169.251892
0.000000
-0.270000
0.000000
-13.500000
0.000000
18.768734
-5.004847
-53.174221
-0.405685
0.000000
0.000000
5.472302
0.000000
-6.461349
0.000000
160.000000
0.000000
40.221939
0.000000
0.000000
0.000000
-5.821541
0.000000
-4.417424
0.000000
208.328766
0.000000
-65.847351
3.468863
90.000000
90.000000
9.036198
0.000000
-2.827698
0.000000
160.000000
0.000000
66.873528
0.000000
0.000000
0.000000
0.000000
-2.698096
0.000000
0.000000
0.000000
0.000000
0.000000
0.000000
0.000000
0.000000
0.000000
-2.952841
0.000000
0.000000
0.000000
0.000000
0.000000
0.000000
0.000000
0.000000
0.000000
-3.006541
0.000000
0.000000
0.000000
0.000000
-5.459930
0.100000
-4.588610
0.000000
-34.375401
97.561409
-5.933465
0.100000
-4.525697
0.000000
0.000000
0.000000
0.000000
0.050000
0.000000

5
6.200000
0.912698
2.076982
9.669857
24.805573
-169.251892
0.000000
-0.200000
0.000000
-12.800000
0.000000
34.269802
0.000000
-50.346485
-0.610499
0.000000
0.000000
5.472302
0.000000
-6.461349
0.000000
160.000000
0.000000
40.221939
0.000000
0.000000
0.000000
-5.821541
0.000000
-4.417424
0.000000
208.328766
0.000000
-65.847351
3.468863
90.000000
90.000000
9.036198
0.000000
-2.827698
0.000000
160.000000
0.000000
66.873528
0.000000
0.000000
0.000000
0.000000
-2.698096
0.000000
0.000000
0.000000
0.000000
0.000000
0.000000
0.000000
0.000000
0.000000
-2.952841
0.000000
0.000000
0.000000
0.000000
0.000000
0.000000
0.000000
0.000000
0.000000
-0.986151
0.000000
0.000000
0.000000
0.000000
-21.656500
-0.986150
12.414300
0.000000
0.000000
0.000000
-5.933465
0.100000
-4.525697
0.000000
0.000000
0.000000
0.861311
0.050000
0.000000

6
7.000000
-2.275509
2.076982
13.162383
24.805573
-282.073669
0.000000
-0.200000
0.000000
-12.800000
0.000000
50.189312
0.000000
-14.337427
-0.610499
0.000000
0.000000
5.472302
0.000000
-13.582015
0.000000
160.000000
0.000000
40.221939
0.000000
0.000000
0.000000
-9.109928
1.827630
-1.114483
0.000000
208.328766
-107.375961
-65.847351
3.468863
90.000000
90.000000
10.556602
0.000000
-6.838812
0.000000
160.000000
0.000000
66.873528
0.000000
0.000000
0.000000
0.000000
-2.698096
0.000000
0.000000
0.000000
0.000000
0.000000
0.000000
0.000000
0.000000
0.000000
-2.952841
0.000000
0.000000
0.000000
0.000000
0.000000
0.000000
0.000000
0.000000
0.000000
-0.986151
0.000000
0.000000
0.000000
0.000000
0.000000
-2.051786
0.000000
0.000000
0.000000
0.000000
-5.933465
0.100000
-4.525697
0.000000
0.000000
0.000000
0.963057
0.000000
0.000000

7
9.000000
-3.639490
2.076982
12.856075
24.805573
-302.211853
0.000000
2.443614
0.000000
-10.919419
0.000000
75.136612
0.000000
81.802139
-0.610499
0.000000
0.000000
3.987804
0.000000
-19.497980
0.000000
202.836548
0.000000
128.564301
0.000000
0.000000
0.000000
-9.109928
1.827630
-1.114483
0.000000
208.328766
-107.375961
-65.847351
3.468863
90.000000
90.000000
7.355797
0.000000
-10.345924
0.000000
202.207947
0.000000
60.763920
6.635092
0.000000
0.000000
0.000000
-2.698096
0.000000
0.000000
0.000000
0.000000
0.000000
0.000000
0.000000
0.000000
0.000000
-2.952841
0.000000
0.000000
0.000000
0.000000
0.000000
0.000000
0.000000
0.000000
2.440000
-0.986151
-10.900000
0.000000
0.000000
0.000000
7.355800
-2.051786
-10.345900
0.000000
0.000000
0.000000
3.980000
0.100000
-19.500000
0.000000
0.000000
0.000000
0.000000
0.000000
0.000000

8
10.000000
-3.639490
2.076982
12.856075
32.638157
-337.816315
0.000000
2.443614
0.000000
-10.919419
0.000000
75.136612
0.000000
95.744308
-0.610499
0.000000
0.000000
3.987804
0.000000
-19.497980
0.000000
202.836548
0.000000
128.564301
0.000000
0.000000
0.000000
-9.109928
1.827630
-1.114483
0.000000
208.328766
-107.375961
-65.847351
3.468863
90.000000
90.000000
7.355797
0.000000
-10.345924
0.000000
202.207947
0.000000
60.763920
6.635092
0.000000
0.000000
0.000000
-2.698096
0.000000
0.000000
0.000000
0.000000
0.000000
0.000000
0.000000
0.000000
0.000000
-2.952841
0.000000
0.000000
0.000000
0.000000
0.000000
0.000000
0.000000
0.000000
2.440000
0.100000
-10.910000
0.000000
0.000000
0.000000
7.355800
0.100000
-10.345900
0.000000
94.849998
0.000000
3.980000
0.100000
-19.497999
0.000000
0.000000
0.000000
0.000000
0.000000
0.000000

9
11.500000
-3.639490
2.076982
12.856075
32.638157
-337.816315
0.000000
2.443614
0.000000
-10.919419
0.000000
94.652206
0.000000
80.308876
-0.610499
0.000000
0.000000
3.987804
0.000000
-19.497980
0.000000
202.836548
0.000000
128.564301
0.000000
0.000000
0.000000
-9.109928
1.827630
-1.114483
0.000000
208.328766
-107.375961
-65.847351
3.468863
90.000000
90.000000
7.355797
0.000000
-10.345924
0.000000
202.207947
0.000000
60.763920
8.000000
0.000000
0.000000
0.000000
-2.698096
0.000000
0.000000
0.000000
0.000000
0.000000
0.000000
0.000000
0.000000
0.000000
-2.952841
0.000000
0.000000
0.000000
0.000000
0.000000
0.000000
0.000000
0.000000
3.526151
0.100000
-18.327700
0.000000
0.000000
0.000000
2.440000
0.100000
-10.300000
0.000000
94.852875
166.630280
3.526150
0.100000
-18.327700
0.000000
0.000000
0.000000
0.000000
0.050000
0.000000

10
13.000000
-3.639490
1.282552
12.856075
23.622681
-337.816315
0.000000
4.046366
0.000000
-11.502862
4.468668
105.230469
0.000000
51.401806
-0.610499
0.000000
0.000000
6.451828
1.086151
-20.875854
0.000000
139.486526
48.190678
124.095634
0.000000
0.000000
0.000000
-9.109928
1.827630
-1.114483
0.000000
208.328766
-107.375961
-65.847351
3.468863
90.000000
90.000000
6.561367
0.000000
-11.934784
0.000000
215.613922
0.000000
60.763920
8.000000
0.000000
0.000000
0.000000
-2.698096
0.000000
0.000000
0.000000
0.000000
0.000000
0.000000
0.000000
0.000000
0.000000
-2.952841
0.000000
0.000000
0.000000
0.000000
0.000000
0.000000
0.000000
0.000000
3.817873
-1.780581
-22.198772
0.000000
0.000000
0.000000
-1.424845
0.100000
-10.300000
0.000000
94.852875
166.630280
3.526150
0.100000
-18.327700
0.000000
0.000000
0.000000
0.787290
0.000000
0.000000

11
14.500000
-3.639490
1.282552
12.856075
23.622681
-337.816315
0.000000
4.324196
0.000000
-12.522170
0.000000
112.980995
0.000000
43.569221
0.000000
0.000000
0.000000
7.386065
-0.291721
-22.860910
0.000000
161.261246
180.000000
124.095634
0.000000
0.000000
0.000000
-9.109928
1.827630
-1.114483
0.000000
208.328766
-107.375961
-65.847351
3.468863
90.000000
90.000000
6.561367
0.000000
-11.934784
0.000000
215.613922
39.868618
83.326439
8.000000
0.000000
0.000000
0.000000
-2.698096
0.000000
0.000000
0.000000
0.000000
0.000000
0.000000
0.000000
0.000000
0.000000
-2.952841
0.000000
0.000000
0.000000
0.000000
0.000000
0.000000
0.000000
0.000000
3.817873
-1.780581
-22.198772
0.000000
0.000000
0.000000
-1.424845
0.100000
-10.300000
0.000000
94.852875
166.630280
3.526150
0.100000
-18.327700
0.000000
0.000000
0.000000
0.787290
0.000000
0.000000

12
15.000000
-3.639490
1.282552
12.856075
23.622681
-337.816315
0.000000
4.324196
0.000000
-12.522170
9.473515
256.519653
0.000000
28.654160
0.000000
0.000000
0.000000
8.180495
-0.291721
-23.655342
0.000000
161.261246
180.000000
124.095634
0.000000
0.000000
0.000000
-9.109928
1.827630
-1.114483
0.000000
208.328766
-107.375961
-65.847351
3.468863
90.000000
90.000000
6.561367
1.880581
-16.361769
-22.797472
191.007156
39.868618
83.326439
8.000000
0.000000
0.000000
0.000000
-2.698096
0.000000
0.000000
0.000000
0.000000
0.000000
0.000000
0.000000
0.000000
0.000000
-2.952841
0.000000
0.000000
0.000000
0.000000
0.000000
0.000000
0.000000
0.000000
3.817873
-1.780581
-22.198772
0.000000
0.000000
0.000000
-1.424845
0.100000
-10.300000
0.000000
94.852875
166.630280
3.526150
0.100000
-18.327700
0.000000
0.000000
0.000000
0.787290
0.000000
0.000000

13
16.000000
-3.639490
1.282552
12.856075
23.622681
-360.000000
0.000000
4.324196
0.000000
-12.522170
0.000000
320.000000
0.000000
-1.476250
0.000000
0.000000
0.000000
8.180495
-0.291721
-23.655342
0.000000
161.261246
180.000000
124.095634
0.000000
0.000000
0.000000
-9.109928
1.827630
-1.114483
0.000000
208.328766
-107.375961
-65.847351
3.468863
90.000000
90.000000
7.355797
0.000000
-23.186628
0.000000
195.393768
87.804749
83.326439
8.000000
0.000000
0.000000
0.000000
-2.698096
0.000000
0.000000
0.000000
0.000000
0.000000
0.000000
0.000000
0.000000
0.000000
-2.952841
0.000000
0.000000
0.000000
0.000000
0.000000
0.000000
0.000000
0.000000
3.817873
-1.780581
-22.198772
0.000000
0.000000
0.000000
-1.424845
0.100000
-10.300000
0.000000
94.852875
166.630280
3.526150
0.100000
-18.327700
0.000000
0.000000
0.000000
0.787290
0.000000
0.000000

14
16.000000
-3.639490
1.282552
12.856075
23.622681
-360.000000
0.000000
4.324196
0.000000
-12.522170
0.000000
-40.000000
0.000000
-1.476250
0.000000
0.000000
0.000000
8.180495
-0.291721
-23.655342
0.000000
161.261246
180.000000
124.095634
0.000000
0.000000
0.000000
-9.109928
1.827630
-1.114483
0.000000
208.328766
-107.375961
-65.847351
3.468863
90.000000
90.000000
7.355797
0.000000
-23.186628
0.000000
195.393768
87.804749
83.326439
8.000000
0.000000
0.000000
0.000000
-2.698096
0.000000
0.000000
0.000000
0.000000
0.000000
0.000000
0.000000
0.000000
0.000000
-2.952841
0.000000
0.000000
0.000000
0.000000
0.000000
0.000000
0.000000
0.000000
0.000000
-0.794430
0.000000
0.000000
0.000000
0.000000
0.000000
-2.378610
0.000000
0.000000
0.000000
0.000000
0.000000
0.100000
0.000000
0.000000
0.000000
0.000000
0.000000
0.000000
0.000000

15
18.000000
-3.639490
1.282552
6.044728
17.513081
-360.000000
0.000000
4.324196
0.000000
-12.522170
0.000000
-40.000000
0.000000
-1.476250
0.000000
0.000000
0.000000
8.180495
-0.291721
-23.655342
0.000000
161.261246
180.000000
124.095634
0.000000
0.000000
0.000000
0.000000
0.000000
0.000000
0.000000
0.000000
0.000000
0.000000
0.000000
0.000000
0.000000
7.355797
0.000000
-23.186628
0.000000
195.393768
87.804749
83.326439
8.000000
0.000000
0.000000
0.000000
-2.698096
0.000000
0.000000
0.000000
0.000000
0.000000
0.000000
0.000000
0.000000
0.000000
-2.952841
0.000000
0.000000
0.000000
0.000000
0.000000
0.000000
0.000000
0.000000
3.600000
0.100000
3.169628
0.000000
0.000000
0.000000
0.000000
-1.880581
0.000000
0.000000
0.000000
0.000000
3.526150
0.100000
-18.327700
0.000000
0.000000
0.000000
0.787290
0.000000
0.000000

16
19.000000
-3.639490
1.282552
15.878241
11.403480
-360.000000
0.000000
4.324196
0.000000
-12.522170
0.000000
-40.000000
0.000000
-1.476250
0.000000
0.000000
0.000000
8.180495
-0.291721
-23.655342
0.000000
161.261246
180.000000
124.095634
0.000000
0.000000
0.000000
0.000000
0.000000
0.000000
0.000000
0.000000
0.000000
0.000000
0.000000
0.000000
0.000000
7.355797
0.000000
-23.186628
0.000000
195.393768
87.804749
83.326439
8.000000
0.000000
0.000000
0.000000
-2.698096
0.000000
0.000000
0.000000
0.000000
0.000000
0.000000
0.000000
0.000000
0.000000
-2.952841
0.000000
0.000000
0.000000
0.000000
0.000000
0.000000
0.000000
0.000000
3.600000
0.100000
-9.287933
0.000000
0.000000
0.000000
0.000000
-1.880581
0.000000
0.000000
0.000000
0.000000
3.526150
0.100000
-18.327700
0.000000
0.000000
0.000000
0.787290
0.000000
0.000000

17
21.500000
-3.639490
1.282552
17.758825
11.403480
-360.000000
0.000000
4.500000
0.000000
-12.700000
0.000000
-40.000000
0.000000
-1.476250
-9.801654
0.000000
35.104721
8.180495
-0.291721
-23.655342
0.000000
161.261246
180.000000
124.095634
0.000000
0.000000
0.000000
0.000000
0.000000
0.000000
0.000000
0.000000
0.000000
0.000000
0.000000
0.000000
0.000000
7.355797
0.000000
-23.186628
0.000000
195.393768
87.804749
83.326439
8.000000
0.000000
0.000000
0.000000
-2.698096
0.000000
0.000000
0.000000
0.000000
0.000000
0.000000
0.000000
0.000000
0.000000
-2.952841
0.000000
0.000000
0.000000
0.000000
0.000000
0.000000
0.000000
0.000000
3.600000
0.100000
-12.254665
0.000000
0.000000
0.000000
0.000000
-1.880581
0.000000
0.000000
0.000000
0.000000
3.600000
-0.694430
-32.000000
0.000000
0.000000
0.000000
0.000000
0.050000
0.000000

18
23.000000
-3.639490
1.282552
17.758825
11.403480
-360.000000
0.000000
4.500000
0.000000
-12.700000
0.000000
-31.062660
0.000000
12.362620
-9.801654
0.000000
35.104721
8.180495
-0.291721
-23.655342
0.000000
161.261246
180.000000
124.095634
0.000000
0.000000
0.000000
4.175510
0.000000
9.780470
0.000000
0.000000
0.000000
0.000000
0.000000
0.000000
0.000000
7.355797
0.000000
-23.186628
0.000000
195.393768
87.804749
83.326439
8.000000
0.000000
0.000000
0.000000
-2.698096
0.000000
0.000000
0.000000
0.000000
0.000000
0.000000
0.000000
0.000000
0.000000
-2.952841
0.000000
0.000000
0.000000
0.000000
0.000000
0.000000
0.000000
0.000000
3.600000
0.100000
-31.373592
0.000000
0.000000
0.000000
0.000000
-1.880581
0.000000
0.000000
0.000000
0.000000
3.526150
0.100000
-28.456570
0.000000
0.000000
0.000000
0.654719
0.050000
0.000000

19
25.000000
-4.209042
1.311030
8.540926
21.981749
-180.000000
0.000000
4.500000
0.000000
-12.700000
0.000000
-31.062660
0.000000
12.362620
-9.801654
0.000000
35.104721
8.180495
-0.291721
-23.655342
0.000000
161.261246
180.000000
124.095634
0.000000
0.000000
0.000000
4.175508
0.000000
3.273040
0.000000
180.000000
0.000000
0.000000
0.000000
0.000000
0.000000
7.355797
0.000000
-23.186628
0.000000
195.393768
87.804749
83.326439
8.000000
0.000000
0.000000
0.000000
-2.698096
0.000000
0.000000
0.000000
0.000000
0.000000
0.000000
0.000000
0.000000
0.000000
-2.952841
0.000000
0.000000
0.000000
0.000000
0.000000
0.000000
0.000000
0.000000
3.600000
0.100000
-31.373592
0.000000
0.000000
0.000000
0.000000
-1.880581
0.000000
0.000000
0.000000
0.000000
3.526150
0.100000
-28.456570
0.000000
0.000000
0.000000
0.654719
0.000000
0.000000

