18

0
0.000000
0.000000
1.962010
-27.296749
20.555492
180.000000
0.000000
0.000000
0.000000
25.037201
0.000000
180.000000
0.000000
0.000000
0.000000
0.000000
0.000000
8.180495
-0.291721
-23.655342
0.000000
161.261246
180.000000
124.095634
0.000000
0.000000
0.000000
6.640226
0.000000
-21.918894
-360.000000
180.000000
0.000000
20.098820
8.000000
0.000000
0.000000
7.355797
0.000000
-23.186628
0.000000
195.393768
87.804749
83.326439
8.000000
0.000000
0.000000
14.612507
0.000000
25.917149
0.000000
194.568390
64.414009
15.000000
0.000000
0.000000
0.000000
0.000000
0.000000
0.000000
0.000000
0.000000
0.000000
0.000000
0.000000
0.000000
0.000000
-0.516600
-1.000000
0.000000
16.677803
0.000000
360.000000
-0.502708
4.920621
1.035682
360.000000
0.000000
360.000000
0.000000
0.100000
1.933530
0.000000
0.000000
0.000000
0.850333
0.000000
0.000000

1
1.000000
0.000000
1.962010
-27.296749
20.555492
180.000000
0.000000
0.000000
0.000000
25.037201
0.000000
180.000000
0.000000
0.000000
0.000000
0.000000
0.000000
8.180495
-0.291721
-23.655342
0.000000
161.261246
180.000000
124.095634
0.000000
0.000000
0.000000
6.640226
0.000000
-21.918894
-360.000000
180.000000
0.000000
20.098820
8.000000
0.000000
0.000000
7.355797
0.000000
-23.186628
0.000000
195.393768
87.804749
83.326439
8.000000
0.000000
0.000000
14.612507
0.000000
25.917149
0.000000
194.568390
64.414009
15.000000
0.000000
0.000000
0.000000
0.000000
0.000000
0.000000
0.000000
0.000000
0.000000
0.000000
0.000000
0.000000
0.000000
-0.516600
-1.000000
0.000000
16.677803
0.000000
360.000000
-0.502708
4.920621
1.035682
360.000000
0.000000
360.000000
0.000000
0.100000
1.933530
0.000000
0.000000
0.000000
0.850333
0.000000
0.000000

2
3.000000
0.000000
1.962010
-20.661472
40.200951
79.255554
0.000000
0.000000
0.000000
19.725458
0.000000
180.000000
0.000000
0.000000
0.000000
0.000000
0.000000
8.180495
-0.291721
-23.655342
0.000000
161.261246
180.000000
124.095634
0.000000
0.000000
0.000000
6.640226
0.000000
-21.918894
-360.000000
180.000000
0.000000
20.098820
8.000000
0.000000
0.000000
7.355797
0.000000
-23.186628
0.000000
195.393768
87.804749
83.326439
8.000000
0.000000
0.000000
14.612507
0.000000
25.917149
0.000000
194.568390
64.414009
15.000000
0.000000
0.000000
0.000000
0.000000
0.000000
0.000000
0.000000
0.000000
0.000000
0.000000
0.000000
0.000000
0.000000
-0.516600
-1.000000
0.000000
16.677803
0.000000
360.000000
-0.502708
4.920621
1.035682
360.000000
0.000000
360.000000
0.000000
0.100000
1.933530
0.000000
0.000000
0.000000
0.850333
0.000000
0.000000

3
5.000000
3.934156
1.962010
-2.576131
22.550053
90.000000
0.000000
0.000000
0.000000
9.104495
6.109601
180.000000
0.000000
31.093430
8.000000
0.000000
0.000000
8.180495
-0.291721
-23.655342
0.000000
161.261246
180.000000
124.095634
0.000000
0.000000
0.000000
6.640226
0.000000
-21.918894
-360.000000
180.000000
0.000000
20.098820
8.000000
0.000000
0.000000
7.355797
0.000000
-23.186628
0.000000
195.393768
87.804749
83.326439
8.000000
0.000000
0.000000
14.612507
0.000000
25.917149
0.000000
194.568390
64.414009
15.000000
0.000000
0.000000
0.000000
0.000000
0.000000
0.000000
0.000000
0.000000
0.000000
25.468395
-17.417143
0.000000
0.000000
-0.516600
-1.000000
0.000000
16.677803
0.000000
360.000000
-0.502708
4.920621
1.035682
360.000000
0.000000
360.000000
0.000000
0.100000
1.933530
0.000000
0.000000
0.000000
0.850333
0.000000
0.000000

4
8.000000
-2.027529
1.167580
-2.576131
15.299163
90.000000
0.000000
0.000000
0.583443
5.570476
-15.046938
180.000000
0.000000
31.093430
8.000000
0.000000
0.000000
8.180495
-0.291721
-23.655342
0.000000
161.261246
180.000000
124.095634
0.000000
0.000000
0.000000
6.640226
0.000000
-21.918894
-360.000000
180.000000
0.000000
20.098820
8.000000
0.000000
0.000000
7.355797
0.000000
-23.186628
0.000000
195.393768
87.804749
83.326439
8.000000
0.000000
0.000000
14.612507
0.000000
25.917149
0.000000
194.568390
64.414009
15.000000
0.000000
0.000000
0.000000
0.000000
0.000000
0.000000
0.000000
0.000000
0.000000
25.468395
-17.417143
0.000000
0.000000
-0.516600
-1.000000
0.000000
16.677803
0.000000
360.000000
-0.502708
4.920621
1.035682
360.000000
0.000000
360.000000
0.000000
1.186150
1.330000
0.000000
0.000000
0.000000
0.850333
0.000000
0.000000

5
10.000000
-3.616389
1.167580
-1.978102
15.299163
90.000000
0.000000
0.000000
0.583443
3.398174
-15.000000
180.000000
0.000000
10.371905
1.071669
0.000000
0.000000
8.180495
-0.291721
-23.655342
0.000000
161.261246
180.000000
124.095634
0.000000
0.000000
0.000000
6.640226
0.000000
-21.918894
-360.000000
180.000000
0.000000
20.098820
8.000000
0.000000
0.000000
7.355797
0.000000
-23.186628
0.000000
195.393768
87.804749
83.326439
8.000000
0.000000
0.000000
14.612507
0.000000
25.917149
0.000000
194.568390
64.414009
15.000000
0.000000
0.000000
0.000000
0.000000
0.000000
0.000000
0.000000
0.000000
0.000000
13.249194
-10.118538
0.000000
0.000000
-0.516600
-1.000000
0.000000
16.677803
0.000000
360.000000
-0.502708
4.920621
1.035682
360.000000
0.000000
360.000000
0.000000
1.186150
1.330000
0.000000
0.000000
0.000000
0.000000
0.000000
0.000000

6
10.500000
-3.616389
1.167580
-1.978102
15.299163
90.000000
0.000000
0.000000
0.583443
3.106453
-15.000000
180.000000
0.000000
0.730196
1.071669
0.000000
0.000000
8.180495
-0.291721
-23.655342
0.000000
161.261246
180.000000
124.095634
0.000000
0.000000
0.000000
6.640226
0.000000
-21.918894
-360.000000
180.000000
0.000000
20.098820
8.000000
0.000000
0.000000
7.355797
0.000000
-23.186628
0.000000
195.393768
87.804749
83.326439
8.000000
0.000000
0.000000
14.612507
0.000000
25.917149
0.000000
194.568390
64.414009
15.000000
0.000000
0.000000
0.000000
0.000000
0.000000
0.000000
0.000000
0.000000
0.000000
3.689348
-10.398561
0.000000
0.000000
-0.516600
-1.000000
0.000000
16.677803
0.000000
360.000000
-0.502708
4.920621
1.035682
360.000000
0.000000
360.000000
0.000000
1.186151
1.330000
0.000000
0.000000
0.000000
0.000000
0.020000
0.000000

7
11.500000
-3.616389
1.167580
-1.978102
15.299163
90.000000
0.000000
0.000000
0.400000
2.814732
-21.109600
180.000000
0.000000
0.730196
1.071669
0.000000
0.000000
8.180495
-0.291721
-23.655342
0.000000
161.261246
180.000000
124.095634
0.000000
0.000000
0.000000
6.640226
0.000000
-21.918894
-360.000000
180.000000
0.000000
20.098820
8.000000
0.000000
0.000000
7.355797
0.000000
-23.186628
0.000000
195.393768
87.804749
83.326439
8.000000
0.000000
0.000000
14.612507
0.000000
25.917149
0.000000
194.568390
64.414009
15.000000
0.000000
0.000000
0.000000
0.000000
0.000000
0.000000
0.000000
0.000000
0.000000
3.689348
-10.398561
0.000000
0.000000
-0.516600
-1.000000
0.000000
16.677803
0.000000
360.000000
-0.502708
4.920621
1.035682
360.000000
0.000000
360.000000
0.000000
1.186151
1.330000
0.000000
0.000000
0.000000
0.546064
0.020000
0.000000

8
12.500000
-3.616389
1.167580
-1.978102
15.299163
90.000000
0.000000
0.000000
0.400000
2.814732
-21.109600
180.000000
0.000000
0.730196
1.071669
0.000000
0.000000
8.180495
-0.291721
-23.655342
0.000000
161.261246
180.000000
124.095634
0.000000
0.000000
0.000000
6.640226
0.000000
-21.918894
-360.000000
180.000000
0.000000
20.098820
8.000000
0.000000
0.000000
7.355797
0.000000
-23.186628
0.000000
195.393768
87.804749
83.326439
8.000000
0.000000
0.000000
14.612507
0.000000
25.917149
0.000000
194.568390
64.414009
15.000000
0.000000
0.000000
0.000000
0.000000
0.000000
0.000000
0.000000
0.000000
0.000000
3.689348
-10.398561
0.000000
0.000000
-0.516600
-1.000000
0.000000
16.677803
0.000000
360.000000
-0.502708
4.920621
1.035682
360.000000
0.000000
360.000000
0.000000
1.186151
1.200000
0.000000
0.000000
0.000000
0.946224
0.000000
0.000000

9
13.000000
-3.616389
1.167580
-1.978102
15.299163
90.000000
0.000000
0.000000
1.194430
5.984360
-42.781044
180.000000
0.000000
0.730196
1.071669
0.000000
0.000000
8.180495
-0.291721
-23.655342
0.000000
161.261246
180.000000
124.095634
0.000000
0.000000
0.000000
6.640226
0.000000
-21.918894
-360.000000
180.000000
0.000000
20.098820
8.000000
0.000000
0.000000
7.355797
0.000000
-23.186628
0.000000
195.393768
87.804749
83.326439
8.000000
0.000000
0.000000
14.612507
0.000000
25.917149
0.000000
194.568390
64.414009
15.000000
0.000000
0.000000
0.000000
0.000000
0.000000
0.277830
0.000000
0.000000
0.000000
3.689348
-10.398561
0.000000
0.000000
-0.516600
-1.000000
0.000000
16.677803
0.000000
360.000000
-0.502708
4.920621
1.035682
360.000000
0.000000
360.000000
0.000000
1.186151
1.200000
0.000000
0.000000
0.000000
0.946224
0.000000
0.000000

10
13.000000
1.454640
0.942595
-21.339006
36.182743
144.830276
0.000000
0.000000
3.381319
8.156663
-42.781044
180.000000
0.000000
0.730196
1.071669
0.000000
0.000000
8.180495
-0.291721
-23.655342
0.000000
161.261246
180.000000
124.095634
0.000000
0.000000
0.000000
6.640226
0.000000
-21.918894
-360.000000
180.000000
0.000000
20.098820
8.000000
0.000000
0.000000
7.355797
0.000000
-23.186628
0.000000
195.393768
87.804749
83.326439
8.000000
0.000000
0.000000
14.612507
0.000000
25.917149
0.000000
194.568390
64.414009
15.000000
0.000000
0.000000
0.000000
0.000000
0.000000
0.277830
0.000000
0.000000
0.000000
3.689348
-10.398561
0.000000
0.000000
-0.516600
-1.000000
0.000000
16.677803
0.000000
360.000000
-0.502708
4.920621
1.035682
360.000000
0.000000
360.000000
0.000000
1.186151
1.200000
0.000000
0.000000
0.000000
0.946224
0.000000
0.000000

11
15.500000
0.368489
0.942595
-21.339006
36.182743
144.830276
0.000000
0.000000
0.516600
16.473341
360.000000
180.000000
0.000000
0.730196
1.071669
0.000000
0.000000
8.180495
-0.291721
-23.655342
0.000000
161.261246
180.000000
124.095634
0.000000
0.000000
0.000000
6.640226
0.000000
-21.918894
-360.000000
180.000000
0.000000
20.098820
8.000000
0.000000
0.000000
7.355797
0.000000
-23.186628
0.000000
195.393768
87.804749
83.326439
8.000000
0.000000
0.000000
14.612507
0.000000
25.917149
0.000000
194.568390
64.414009
15.000000
0.000000
0.000000
0.000000
0.000000
0.000000
0.277830
0.000000
0.000000
0.000000
3.689348
-10.398561
0.000000
0.000000
-0.516600
-1.000000
0.000000
16.677803
0.000000
360.000000
-0.502708
4.920621
1.035682
360.000000
0.000000
360.000000
0.000000
1.186151
1.200000
0.000000
0.000000
0.000000
0.946224
0.000000
0.000000

12
16.000000
0.368489
0.942595
-21.339006
36.182743
144.830276
0.000000
0.000000
0.200000
18.062204
360.000000
180.000000
0.000000
0.730196
1.071669
0.000000
0.000000
8.180495
-0.291721
-23.655342
0.000000
161.261246
180.000000
124.095634
0.000000
0.000000
0.000000
6.640226
0.000000
-21.918894
-360.000000
180.000000
0.000000
20.098820
8.000000
0.000000
0.000000
7.355797
0.000000
-23.186628
0.000000
195.393768
87.804749
83.326439
8.000000
0.000000
0.000000
14.612507
0.000000
25.917149
0.000000
194.568390
64.414009
15.000000
0.000000
0.000000
0.000000
0.000000
0.000000
0.277830
0.000000
0.000000
0.000000
3.689348
-10.398561
0.000000
0.000000
-0.516600
-1.000000
0.000000
16.677803
0.000000
360.000000
-0.502708
4.920621
1.035682
360.000000
0.000000
360.000000
0.000000
1.186151
1.200000
0.000000
0.000000
0.000000
0.946224
0.000000
0.000000

13
17.000000
0.368489
0.942595
-21.339006
36.182743
144.830276
0.000000
0.000000
0.000000
23.332323
360.000000
-180.000000
0.000000
0.730196
1.071669
0.000000
0.000000
8.180495
-0.291721
-23.655342
0.000000
161.261246
180.000000
124.095634
0.000000
0.000000
0.000000
6.640226
0.000000
-21.918894
-360.000000
180.000000
0.000000
20.098820
8.000000
0.000000
0.000000
7.355797
0.000000
-23.186628
0.000000
195.393768
87.804749
83.326439
8.000000
0.000000
0.000000
14.612507
0.000000
25.917149
0.000000
194.568390
64.414009
15.000000
0.000000
0.000000
0.000000
0.000000
0.000000
0.277830
0.000000
0.000000
0.000000
3.689348
-10.398561
0.000000
0.000000
-0.516600
-1.000000
0.000000
16.677803
0.000000
360.000000
-0.502708
4.920621
1.035682
360.000000
0.000000
360.000000
0.000000
1.186151
1.200000
0.000000
0.000000
0.000000
0.946224
0.000000
0.000000

14
19.000000
0.368489
0.942595
-21.339006
36.182743
144.830276
0.000000
0.000000
0.000000
23.332323
360.000000
-180.000000
0.000000
0.730196
1.071669
0.000000
0.000000
8.180495
-0.291721
-23.655342
0.000000
161.261246
180.000000
124.095634
0.000000
0.000000
0.000000
6.640226
0.000000
-21.918894
-360.000000
180.000000
0.000000
20.098820
8.000000
0.000000
0.000000
7.355797
0.000000
-23.186628
0.000000
195.393768
87.804749
83.326439
8.000000
0.000000
0.000000
14.612507
0.000000
25.917149
0.000000
194.568390
64.414009
15.000000
0.000000
0.000000
0.000000
0.000000
0.000000
10.856393
0.000000
0.000000
0.000000
3.689348
-10.398561
0.000000
0.000000
-0.516600
-1.000000
0.000000
16.677803
0.000000
360.000000
-0.502708
4.920621
1.035682
360.000000
0.000000
360.000000
0.000000
1.186151
1.200000
0.000000
0.000000
0.000000
0.946224
0.000000
0.000000

15
20.000000
0.368489
0.942595
-21.339006
36.182743
144.830276
0.000000
0.000000
0.000000
23.332323
360.000000
-159.780060
-15.630152
0.730196
1.071669
0.000000
0.000000
8.180495
-0.291721
-23.655342
0.000000
161.261246
180.000000
124.095634
0.000000
0.000000
0.000000
6.640226
0.000000
-21.918894
-360.000000
180.000000
0.000000
20.098820
8.000000
0.000000
0.000000
7.355797
0.000000
-23.186628
0.000000
195.393768
87.804749
83.326439
8.000000
0.000000
0.000000
14.612507
0.000000
25.917149
0.000000
194.568390
64.414009
15.000000
0.000000
0.000000
0.000000
0.000000
0.000000
16.684044
0.000000
0.000000
0.000000
3.689348
-10.398561
0.000000
0.000000
-0.516600
-1.000000
0.000000
16.677803
0.000000
360.000000
-0.502708
4.920621
1.035682
360.000000
0.000000
360.000000
0.000000
1.186151
1.200000
0.000000
0.000000
0.000000
0.946224
0.000000
0.000000

16
22.500000
0.368489
0.942595
-21.339006
36.182743
144.830276
0.000000
-1.602751
0.000000
21.173908
360.000000
-180.000000
-24.645628
0.730196
1.071669
0.000000
0.000000
8.180495
-0.291721
-23.655342
0.000000
161.261246
180.000000
124.095634
0.000000
0.000000
0.000000
6.640226
0.000000
-21.918894
-360.000000
180.000000
0.000000
20.098820
8.000000
0.000000
0.000000
7.355797
0.000000
-23.186628
0.000000
195.393768
87.804749
83.326439
8.000000
0.000000
0.000000
14.612507
0.000000
25.917149
0.000000
194.568390
64.414009
15.000000
0.000000
0.000000
0.000000
0.000000
0.000000
20.693174
0.000000
0.000000
0.000000
-17.045687
1.276381
0.000000
0.000000
-0.516600
-1.000000
0.000000
16.677803
0.000000
360.000000
-0.502708
4.920621
1.035682
360.000000
0.000000
360.000000
0.000000
1.186151
1.200000
0.000000
0.000000
0.000000
0.946224
0.000000
0.000000

17
23.000000
0.368489
0.942595
-21.339006
36.182743
144.830276
0.000000
0.000000
0.000000
17.308260
360.000000
-196.848022
0.000000
0.730196
1.071669
0.000000
0.000000
8.180495
-0.291721
-23.655342
0.000000
161.261246
180.000000
124.095634
0.000000
0.000000
0.000000
6.640226
0.000000
-21.918894
-360.000000
180.000000
0.000000
20.098820
8.000000
0.000000
0.000000
7.355797
0.000000
-23.186628
0.000000
195.393768
87.804749
83.326439
8.000000
0.000000
0.000000
14.612507
0.000000
25.917149
0.000000
194.568390
64.414009
15.000000
0.000000
0.000000
0.000000
0.000000
0.000000
23.261562
0.000000
-44.560360
0.000000
-17.045687
1.276381
0.000000
0.000000
-0.516600
-1.000000
0.000000
16.677803
0.000000
360.000000
-0.502708
4.920621
1.035682
360.000000
0.000000
360.000000
0.000000
1.186151
1.200000
0.000000
0.000000
0.000000
0.946224
0.000000
0.000000

18
25.000000
0.368489
0.022943
-15.597728
34.373615
184.587189
0.000000
0.000000
0.000000
11.283253
360.000000
-360.000000
0.000000
0.730196
1.071669
0.000000
0.000000
8.180495
-0.291721
-23.655342
0.000000
161.261246
180.000000
124.095634
0.000000
0.000000
0.000000
6.640226
0.000000
-21.918894
-360.000000
180.000000
0.000000
20.098820
8.000000
0.000000
0.000000
7.355797
0.000000
-23.186628
0.000000
195.393768
87.804749
83.326439
8.000000
0.000000
0.000000
14.612507
0.000000
25.917149
0.000000
194.568390
64.414009
15.000000
0.000000
0.000000
0.000000
0.000000
0.000000
23.261562
0.000000
-84.437996
0.000000
-56.033825
1.276381
0.000000
0.000000
-0.516600
-1.000000
0.000000
16.677803
0.000000
360.000000
-0.502708
4.920621
1.035682
360.000000
0.000000
360.000000
0.000000
1.186151
1.200000
0.000000
0.000000
0.000000
0.946224
0.000000
0.000000

