22

0
0.000000
0.368489
0.942595
-21.339006
36.182743
144.830276
0.000000
0.000000
0.000000
17.308260
0.000000
-196.848022
0.000000
0.730196
1.071669
0.000000
0.000000
8.180495
-0.291721
-23.655342
0.000000
161.261246
180.000000
124.095634
0.000000
0.000000
0.000000
6.640226
0.000000
-21.918894
-360.000000
180.000000
0.000000
20.098820
8.000000
0.000000
0.000000
7.355797
0.000000
-23.186628
0.000000
195.393768
87.804749
83.326439
8.000000
0.000000
0.000000
14.612507
0.000000
25.917149
0.000000
194.568390
64.414009
15.000000
0.000000
0.000000
0.000000
0.000000
0.000000
23.261562
0.000000
-44.560360
0.000000
-17.045687
1.276381
0.000000
0.000000
0.000000
-1.000000
0.000000
0.000000
0.000000
0.000000
0.000000
-1.000000
0.000000
0.000000
0.000000
0.000000
0.000000
0.000000
0.000000
0.000000
0.000000
0.000000
0.000000
0.000000
0.000000

1
2.000000
0.368489
0.022943
-15.597728
34.373615
184.587189
0.000000
0.000000
0.000000
11.283253
0.000000
-360.000000
0.000000
0.730196
1.071669
0.000000
0.000000
8.180495
-0.291721
-23.655342
0.000000
161.261246
180.000000
124.095634
0.000000
0.000000
0.000000
6.640226
0.000000
-21.918894
-360.000000
180.000000
0.000000
20.098820
8.000000
0.000000
0.000000
7.355797
0.000000
-23.186628
0.000000
195.393768
87.804749
83.326439
8.000000
0.000000
0.000000
14.612507
0.000000
25.917149
0.000000
194.568390
64.414009
15.000000
0.000000
0.000000
0.000000
0.000000
0.000000
23.261562
0.000000
-84.437996
0.000000
-56.033825
1.276381
0.000000
0.000000
0.000000
-1.000000
0.000000
0.000000
0.000000
0.000000
0.000000
0.000000
0.000000
0.000000
0.000000
0.000000
0.000000
0.000000
0.000000
0.000000
0.000000
0.000000
0.000000
0.000000
0.000000

2
2.700000
1.454640
1.261737
-2.743080
11.113822
206.448059
0.000000
0.000000
0.000000
-1.572768
0.000000
-360.000000
0.000000
2.805420
1.071669
0.000000
0.000000
8.180495
-0.291721
-23.655342
0.000000
161.261246
180.000000
124.095634
0.000000
0.000000
0.000000
6.640226
0.000000
-21.918894
-360.000000
180.000000
0.000000
20.098820
8.000000
0.000000
0.000000
7.355797
0.000000
-23.186628
0.000000
195.393768
87.804749
83.326439
8.000000
0.000000
0.000000
14.612507
0.000000
25.917149
0.000000
194.568390
64.414009
15.000000
0.000000
0.000000
0.000000
0.000000
0.000000
23.261562
0.000000
-180.000000
0.000000
0.000000
0.000000
0.000000
0.000000
0.000000
-1.000000
0.000000
0.000000
0.000000
0.000000
0.000000
-1.000000
0.000000
0.000000
0.000000
0.000000
0.000000
0.000000
0.000000
0.000000
0.000000
0.000000
0.000000
0.000000
0.000000

3
3.000000
1.454640
1.261737
-2.743080
11.113822
206.448059
0.000000
0.000000
0.000000
-2.658919
0.000000
-360.000000
0.000000
2.805420
1.071669
0.000000
0.000000
8.180495
-0.291721
-23.655342
0.000000
161.261246
180.000000
124.095634
0.000000
0.000000
0.000000
6.640226
0.000000
-21.918894
-360.000000
180.000000
0.000000
20.098820
8.000000
0.000000
0.000000
7.355797
0.000000
-23.186628
0.000000
195.393768
87.804749
83.326439
8.000000
0.000000
0.000000
14.612507
0.000000
25.917149
0.000000
194.568390
64.414009
15.000000
0.000000
0.000000
0.000000
0.000000
0.000000
23.261562
0.000000
-180.000000
0.000000
0.000000
0.000000
0.000000
0.000000
0.000000
-1.000000
0.000000
0.000000
0.000000
0.000000
0.000000
-1.000000
0.000000
0.000000
0.000000
0.000000
0.000000
0.000000
0.000000
0.000000
0.000000
0.000000
0.000000
0.000000
0.000000

4
4.500000
1.454640
1.261737
-2.743080
11.113822
206.448059
0.000000
0.000000
0.000000
-2.658919
0.000000
-360.000000
0.000000
2.805420
1.071669
0.000000
0.000000
8.180495
-0.291721
-23.655342
0.000000
161.261246
180.000000
124.095634
0.000000
0.000000
0.000000
6.640226
0.000000
-21.918894
-360.000000
180.000000
0.000000
20.098820
8.000000
0.000000
0.000000
7.355797
0.000000
-23.186628
0.000000
195.393768
87.804749
83.326439
8.000000
0.000000
0.000000
14.612507
0.000000
25.917149
0.000000
194.568390
64.414009
15.000000
0.000000
0.000000
0.000000
0.000000
0.000000
23.261562
0.000000
-180.000000
0.000000
0.000000
0.000000
0.000000
0.000000
0.000000
-1.000000
0.000000
0.000000
0.000000
0.000000
0.000000
-1.000000
0.000000
0.000000
0.000000
0.000000
0.000000
0.000000
0.000000
0.000000
0.000000
0.000000
0.000000
0.000000
0.000000

5
4.700000
1.454640
1.261737
-2.743080
11.113822
206.448059
0.000000
0.000000
0.000000
-2.658919
0.000000
-360.000000
0.000000
83.038193
5.342829
0.000000
0.000000
8.180495
-0.291721
-23.655342
0.000000
161.261246
180.000000
124.095634
0.000000
0.000000
0.000000
6.640226
0.000000
-21.918894
-360.000000
180.000000
0.000000
20.098820
8.000000
0.000000
0.000000
7.355797
0.000000
-23.186628
0.000000
195.393768
87.804749
83.326439
8.000000
0.000000
0.000000
14.612507
0.000000
25.917149
0.000000
194.568390
64.414009
15.000000
0.000000
0.000000
0.000000
0.000000
0.000000
23.261562
0.000000
-180.000000
0.000000
0.000000
0.000000
0.000000
0.000000
0.000000
-1.000000
0.000000
0.000000
0.000000
0.000000
0.000000
-1.000000
0.000000
0.000000
0.000000
0.000000
0.000000
0.000000
0.000000
0.000000
0.000000
0.000000
0.000000
0.000000
0.000000

6
6.000000
1.454640
1.261737
-2.743080
11.113822
206.448059
0.000000
0.000000
0.000000
-2.658919
0.000000
-360.000000
0.000000
83.038193
5.342829
0.000000
0.000000
8.180495
-0.291721
-23.655342
0.000000
161.261246
180.000000
124.095634
0.000000
0.000000
0.000000
6.640226
0.000000
-21.918894
-360.000000
180.000000
0.000000
20.098820
8.000000
0.000000
0.000000
7.355797
0.000000
-23.186628
0.000000
195.393768
87.804749
83.326439
8.000000
0.000000
0.000000
14.612507
0.000000
25.917149
0.000000
194.568390
64.414009
15.000000
0.000000
0.000000
0.000000
0.000000
0.000000
21.482452
0.000000
-180.000000
0.000000
0.000000
0.000000
0.000000
0.000000
0.000000
-1.000000
0.000000
0.000000
0.000000
0.000000
0.000000
-1.000000
0.000000
0.000000
0.000000
0.000000
0.000000
0.000000
0.000000
0.000000
0.000000
0.000000
0.000000
0.000000
0.000000

7
6.500000
1.454640
1.261737
-2.743080
11.113822
206.448059
0.000000
0.000000
0.000000
4.066020
0.000000
-360.000000
0.000000
83.038193
5.342829
0.000000
0.000000
8.180495
-0.291721
-23.655342
0.000000
161.261246
180.000000
124.095634
0.000000
0.000000
0.000000
6.640226
0.000000
-21.918894
-360.000000
180.000000
0.000000
20.098820
8.000000
0.000000
0.000000
7.355797
0.000000
-23.186628
0.000000
195.393768
87.804749
83.326439
8.000000
0.000000
0.000000
14.612507
0.000000
25.917149
0.000000
194.568390
64.414009
15.000000
0.000000
0.000000
0.000000
0.000000
0.000000
21.482452
0.000000
-180.000000
0.000000
0.000000
0.000000
0.000000
0.000000
0.000000
-1.000000
0.000000
0.000000
0.000000
0.000000
0.000000
-1.000000
0.000000
0.000000
0.000000
0.000000
0.000000
0.000000
0.000000
0.000000
0.000000
0.000000
0.000000
0.000000
0.000000

8
6.500000
-0.237902
1.261737
-22.389359
24.034630
179.991394
0.000000
0.000000
0.000000
4.066020
0.000000
-360.000000
0.000000
83.038193
5.342829
0.000000
0.000000
8.180495
-0.291721
-23.655342
0.000000
161.261246
180.000000
124.095634
0.000000
0.000000
0.000000
6.640226
0.000000
-21.918894
-360.000000
180.000000
0.000000
20.098820
8.000000
0.000000
0.000000
7.355797
0.000000
-23.186628
0.000000
195.393768
87.804749
83.326439
8.000000
0.000000
0.000000
14.612507
0.000000
25.917149
0.000000
194.568390
64.414009
15.000000
0.000000
0.000000
0.000000
0.000000
0.000000
21.482452
0.000000
-180.000000
0.000000
0.000000
0.000000
0.000000
0.000000
0.000000
-1.000000
0.000000
0.000000
0.000000
0.000000
0.000000
-1.000000
0.000000
0.000000
0.000000
0.000000
0.000000
0.000000
0.000000
0.000000
0.000000
0.000000
0.000000
0.000000
0.000000

9
8.000000
-0.237902
1.261737
-16.757463
29.466324
179.991394
0.000000
0.000000
0.000000
4.066020
0.000000
-360.000000
0.000000
83.038193
5.342829
0.000000
0.000000
8.180495
-0.291721
-23.655342
0.000000
161.261246
180.000000
124.095634
0.000000
0.000000
0.000000
6.640226
0.000000
-21.918894
-360.000000
180.000000
0.000000
20.098820
8.000000
0.000000
0.000000
7.355797
0.000000
-23.186628
0.000000
195.393768
87.804749
83.326439
8.000000
0.000000
0.000000
14.612507
0.000000
25.917149
0.000000
194.568390
64.414009
15.000000
0.000000
0.000000
0.000000
0.000000
0.000000
21.482452
0.000000
-196.687836
0.000000
33.890652
-10.897674
0.000000
0.000000
0.000000
-1.000000
0.000000
0.000000
0.000000
0.000000
0.000000
-1.000000
0.000000
0.000000
0.000000
0.000000
0.000000
0.000000
0.000000
0.000000
0.000000
0.000000
0.000000
0.000000
0.000000

10
9.000000
-0.237902
1.261737
-16.757463
29.466324
179.991394
0.000000
0.000000
0.000000
10.926176
0.000000
-360.000000
0.000000
83.038193
5.342829
0.000000
0.000000
8.180495
-0.291721
-23.655342
0.000000
161.261246
180.000000
124.095634
0.000000
0.000000
0.000000
6.640226
0.000000
-21.918894
-360.000000
180.000000
0.000000
20.098820
8.000000
0.000000
0.000000
7.355797
0.000000
-23.186628
0.000000
195.393768
87.804749
83.326439
8.000000
0.000000
0.000000
14.612507
0.000000
25.917149
0.000000
194.568390
64.414009
15.000000
0.000000
0.000000
0.000000
1.100737
0.000000
20.396299
0.000000
-196.687836
0.000000
77.179657
-10.897674
0.000000
0.000000
0.000000
-1.000000
0.000000
0.000000
0.000000
0.000000
0.000000
-1.000000
0.000000
0.000000
0.000000
0.000000
0.000000
0.000000
0.000000
0.000000
0.000000
0.000000
0.000000
0.000000
0.000000

11
10.000000
-0.237902
1.261737
-16.757463
29.466324
179.991394
0.000000
0.000000
0.000000
13.804083
17.922482
-353.890381
0.000000
83.038193
5.342829
0.000000
0.000000
8.180495
-0.291721
-23.655342
0.000000
161.261246
180.000000
124.095634
0.000000
0.000000
0.000000
6.640226
0.000000
-21.918894
-360.000000
180.000000
0.000000
20.098820
8.000000
0.000000
0.000000
7.355797
0.000000
-23.186628
0.000000
195.393768
87.804749
83.326439
8.000000
0.000000
0.000000
14.612507
0.000000
25.917149
0.000000
194.568390
64.414009
15.000000
0.000000
0.000000
0.000000
1.100737
0.000000
20.396299
0.000000
-196.687836
0.000000
77.179657
-10.897674
0.000000
0.000000
0.000000
-1.000000
0.000000
0.000000
0.000000
0.000000
0.000000
-1.000000
0.000000
0.000000
0.000000
0.000000
0.000000
0.000000
0.000000
0.000000
0.000000
0.000000
0.000000
0.000000
0.000000

12
13.000000
-0.237902
1.261737
-21.423723
41.038616
179.991394
0.000000
0.000000
2.688903
18.702087
-28.419769
-353.890381
-39.050331
89.147789
8.000000
0.000000
0.000000
8.180495
-0.291721
-23.655342
0.000000
161.261246
180.000000
124.095634
0.000000
0.000000
0.000000
6.640226
0.000000
-21.918894
-360.000000
180.000000
0.000000
20.098820
8.000000
0.000000
0.000000
7.355797
0.000000
-23.186628
0.000000
195.393768
87.804749
83.326439
8.000000
0.000000
0.000000
14.612507
0.000000
25.917149
0.000000
194.568390
64.414009
15.000000
0.000000
0.000000
0.000000
1.100737
0.000000
20.396299
0.000000
-196.687836
0.000000
39.908127
-11.543787
0.000000
0.000000
0.000000
-1.000000
0.000000
0.000000
0.000000
0.000000
0.000000
-1.000000
0.000000
0.000000
0.000000
0.000000
1.100000
1.086151
21.000000
0.000000
0.000000
0.000000
0.000000
0.000000
0.000000

13
16.000000
-0.237902
1.261737
-21.423723
69.781601
179.991394
0.000000
0.000000
2.966733
20.290951
-13.372833
-353.890381
-63.730980
89.147789
8.000000
0.000000
0.000000
8.180495
-0.291721
-23.655342
0.000000
161.261246
180.000000
124.095634
0.000000
0.000000
0.000000
6.640226
0.000000
-21.918894
-360.000000
180.000000
0.000000
20.098820
8.000000
0.000000
0.000000
7.355797
0.000000
-23.186628
0.000000
195.393768
87.804749
83.326439
8.000000
0.000000
0.000000
14.612507
0.000000
25.917149
0.000000
194.568390
64.414009
15.000000
0.000000
0.000000
0.000000
1.100737
0.000000
20.396299
0.000000
-196.687836
0.000000
26.721832
-11.543787
0.000000
0.000000
0.000000
-1.000000
0.000000
0.000000
0.000000
0.000000
0.000000
-1.000000
0.000000
0.000000
0.000000
0.000000
1.100000
1.000000
21.000000
0.000000
0.000000
0.000000
0.000000
0.050000
0.000000

14
17.000000
-0.237902
1.261737
-21.423723
69.781601
179.991394
0.000000
0.000000
2.966733
20.290951
-13.372833
-353.890381
-63.730980
89.147789
8.000000
0.000000
0.000000
8.180495
-0.291721
-23.655342
0.000000
161.261246
180.000000
124.095634
0.000000
0.000000
0.000000
6.640226
0.000000
-21.918894
-360.000000
180.000000
0.000000
20.098820
8.000000
0.000000
0.000000
7.355797
0.000000
-23.186628
0.000000
195.393768
87.804749
83.326439
8.000000
0.000000
0.000000
14.612507
0.000000
25.917149
0.000000
194.568390
64.414009
15.000000
0.000000
0.000000
0.000000
1.100737
0.000000
20.396299
0.000000
-196.687836
0.000000
26.721832
-11.543787
0.000000
0.000000
0.000000
-1.000000
0.000000
0.000000
0.000000
0.000000
0.000000
-1.000000
0.000000
0.000000
0.000000
0.000000
1.100000
1.000000
21.000000
0.000000
0.000000
0.000000
0.000000
0.050000
0.000000

15
17.500000
2.145388
-1.427166
-17.519238
-2.983159
317.182587
0.000000
0.000000
2.966733
20.290951
-13.372833
-353.890381
-63.730980
89.147789
8.000000
0.000000
0.000000
8.180495
-0.291721
-23.655342
0.000000
161.261246
180.000000
124.095634
0.000000
0.000000
0.000000
6.640226
0.000000
-21.918894
-360.000000
180.000000
0.000000
20.098820
8.000000
0.000000
0.000000
7.355797
0.000000
-23.186628
0.000000
195.393768
87.804749
83.326439
8.000000
0.000000
0.000000
14.612507
0.000000
25.917149
0.000000
194.568390
64.414009
15.000000
0.000000
0.000000
0.000000
1.100737
0.000000
20.396299
0.000000
-196.687836
0.000000
26.721832
-11.543787
0.000000
0.000000
0.000000
-1.000000
0.000000
0.000000
0.000000
0.000000
0.000000
-1.000000
0.000000
0.000000
0.000000
0.000000
1.100000
1.000000
21.000000
0.000000
0.000000
0.000000
0.000000
0.050000
0.000000

16
19.000000
2.145388
-1.427166
-17.519238
-2.983159
317.182587
0.000000
0.000000
3.137938
25.982985
9.189689
-347.780762
-63.730980
89.147789
8.000000
0.000000
0.000000
8.180495
-0.291721
-23.655342
0.000000
161.261246
180.000000
124.095634
0.000000
0.000000
0.000000
6.640226
0.000000
-21.918894
-360.000000
180.000000
0.000000
20.098820
8.000000
0.000000
0.000000
7.355797
0.000000
-23.186628
0.000000
195.393768
87.804749
83.326439
8.000000
0.000000
0.000000
14.612507
0.000000
25.917149
0.000000
194.568390
64.414009
15.000000
0.000000
0.000000
0.000000
1.100737
0.000000
20.396299
0.000000
-196.687836
0.000000
26.721832
-11.543787
0.000000
0.000000
0.000000
-1.000000
0.000000
0.000000
0.000000
0.000000
0.000000
-1.000000
0.000000
0.000000
0.000000
0.000000
1.100000
1.000000
21.000000
0.000000
0.000000
0.000000
1.571555
0.000000
0.000000

17
19.000000
-8.576164
-2.086493
-19.536657
-10.055785
306.740784
0.000000
0.000000
3.137938
25.982985
9.189689
-347.780762
-63.730980
89.147789
8.000000
0.000000
0.000000
8.180495
-0.291721
-23.655342
0.000000
161.261246
180.000000
124.095634
0.000000
0.000000
0.000000
6.640226
0.000000
-21.918894
-360.000000
180.000000
0.000000
20.098820
8.000000
0.000000
0.000000
7.355797
0.000000
-23.186628
0.000000
195.393768
87.804749
83.326439
8.000000
0.000000
0.000000
24.815992
0.000000
25.917149
0.000000
194.568390
64.414009
15.000000
0.000000
0.000000
0.000000
1.100737
0.000000
20.396299
0.000000
-196.687836
0.000000
26.721832
0.000000
0.000000
0.000000
0.000000
-1.000000
0.000000
0.000000
0.000000
0.000000
0.000000
-1.000000
0.000000
0.000000
0.000000
0.000000
1.100000
1.000000
21.000000
0.000000
0.000000
0.000000
1.571555
0.000000
0.000000

18
19.500000
-8.576164
-2.086493
-19.536657
-10.055785
306.740784
0.000000
11.770805
0.673219
22.744261
27.989235
-261.947754
-0.534649
89.147789
8.000000
0.000000
0.000000
8.180495
-0.291721
-23.655342
0.000000
161.261246
180.000000
124.095634
0.000000
0.000000
0.000000
6.640226
0.000000
-21.918894
-360.000000
180.000000
0.000000
20.098820
8.000000
0.000000
0.000000
7.355797
0.000000
-23.186628
0.000000
195.393768
87.804749
83.326439
8.000000
0.000000
0.000000
24.815992
0.000000
25.917149
0.000000
194.568390
64.414009
15.000000
0.000000
0.000000
0.000000
1.100737
0.000000
20.396299
0.000000
-196.687836
0.000000
26.721832
8.000000
0.000000
0.000000
0.000000
-1.000000
0.000000
0.000000
0.000000
0.000000
0.000000
-1.000000
0.000000
0.000000
0.000000
0.000000
1.100000
1.000000
21.000000
0.000000
0.000000
0.000000
1.571555
0.000000
0.000000

19
20.000000
-10.268706
-1.794772
-19.536657
-10.055785
236.701492
0.000000
13.679864
0.000000
16.782576
0.000000
-221.312561
0.000000
-5.029192
8.000000
0.000000
0.000000
8.180495
-0.291721
-23.655342
0.000000
161.261246
180.000000
124.095634
0.000000
0.000000
0.000000
6.640226
0.000000
-21.918894
-360.000000
180.000000
0.000000
20.098820
8.000000
0.000000
0.000000
7.355797
0.000000
-23.186628
0.000000
195.393768
87.804749
83.326439
8.000000
0.000000
0.000000
24.815992
0.000000
25.917149
0.000000
194.568390
64.414009
15.000000
0.000000
0.000000
0.000000
1.100737
0.000000
20.396299
0.000000
-196.687836
0.000000
26.721832
8.000000
0.000000
0.000000
0.000000
-1.000000
0.000000
0.000000
0.000000
0.000000
0.000000
-1.000000
0.000000
0.000000
0.000000
0.000000
1.100000
0.000000
21.000000
33.534481
42.700634
-22.562519
0.000000
0.250000
0.000000

20
21.500000
-10.268706
-1.794772
-19.536657
-10.055785
236.701492
0.000000
13.679864
0.000000
16.782576
0.000000
-221.312561
0.000000
-5.029192
8.000000
0.000000
0.000000
8.180495
-0.291721
-23.655342
0.000000
161.261246
180.000000
124.095634
0.000000
0.000000
0.000000
6.640226
0.000000
-21.918894
-360.000000
180.000000
0.000000
20.098820
8.000000
0.000000
0.000000
7.355797
0.000000
-23.186628
0.000000
195.393768
87.804749
83.326439
8.000000
0.000000
0.000000
24.815992
0.000000
25.917149
0.000000
194.568390
64.414009
15.000000
0.000000
0.000000
0.000000
1.100737
0.000000
20.396299
0.000000
-196.687836
0.000000
26.721832
8.000000
0.000000
0.000000
0.000000
-1.000000
0.000000
0.000000
0.000000
0.000000
0.000000
-1.000000
0.000000
0.000000
0.000000
0.000000
1.100000
0.000000
21.000000
33.534481
42.700634
-22.562519
3.466350
0.250000
1.000000

21
23.000000
-10.268706
-1.794772
-19.536657
-10.055785
230.670044
0.000000
13.679864
0.000000
16.782576
0.000000
-221.312561
0.000000
-11.138793
0.000000
0.000000
0.000000
8.180495
-0.291721
-23.655342
0.000000
161.261246
180.000000
124.095634
0.000000
0.000000
0.000000
6.640226
0.000000
-21.918894
-360.000000
180.000000
0.000000
20.098820
8.000000
0.000000
0.000000
7.355797
0.000000
-23.186628
0.000000
195.393768
87.804749
83.326439
8.000000
0.000000
0.000000
24.815992
0.000000
25.917149
0.000000
194.568390
64.414009
15.000000
0.000000
0.000000
0.000000
1.100737
0.000000
20.396299
0.000000
-196.687836
0.000000
26.721832
8.000000
0.000000
0.000000
0.000000
-1.000000
0.000000
0.000000
0.000000
0.000000
0.000000
-1.000000
0.000000
0.000000
0.000000
0.000000
1.100000
0.000000
21.000000
33.534481
42.700634
-22.562519
5.000000
0.000000
0.000000

22
25.000000
-10.268706
-1.794772
-19.536657
-14.524453
230.670044
0.000000
13.679864
0.000000
16.782576
0.000000
-221.312561
0.000000
-11.138793
0.000000
0.000000
0.000000
8.180495
-0.291721
-23.655342
0.000000
161.261246
180.000000
124.095634
0.000000
0.000000
0.000000
6.640226
0.000000
-21.918894
-360.000000
180.000000
0.000000
20.098820
8.000000
0.000000
0.000000
7.355797
0.000000
-23.186628
0.000000
195.393768
87.804749
83.326439
8.000000
0.000000
0.000000
24.815992
0.000000
25.917149
0.000000
194.568390
64.414009
15.000000
0.000000
0.000000
0.000000
1.100737
0.000000
20.396299
0.000000
-196.687836
0.000000
26.721832
8.000000
0.000000
0.000000
0.000000
-1.000000
0.000000
0.000000
0.000000
0.000000
0.000000
-1.000000
0.000000
0.000000
0.000000
0.000000
1.100000
0.000000
21.000000
33.534481
42.700634
-22.562519
5.000000
0.000000
0.000000

