26

0
0.000000
0.462926
1.574120
-27.669048
27.254499
180.000000
1.000000
-2.878487
0.000000
25.037205
0.000000
0.000000
0.000000
77.725693
0.000000
-150.000000
0.000000
8.180495
-0.291721
-23.655342
0.000000
161.261246
180.000000
124.095634
0.000000
0.000000
0.000000
6.640226
0.000000
-21.918894
-360.000000
180.000000
0.000000
20.098820
8.000000
0.000000
0.000000
7.355797
0.000000
-23.186628
0.000000
195.393768
87.804749
83.326439
8.000000
0.000000
0.000000
0.000000
0.000000
26.000000
0.000000
180.000000
9.313328
15.000000
0.000000
0.000000
0.000000
0.000000
-2.952841
0.000000
0.000000
0.000000
0.000000
0.000000
0.000000
0.000000
0.000000
0.000000
-1.000000
0.000000
0.000000
-15.000000
180.000000
0.000000
-1.000000
0.000000
0.000000
-15.000000
-180.000000
-0.210987
0.100000
25.700001
0.000000
0.000000
0.000000
0.000000
0.050000
0.000000

1
1.000000
0.462926
1.574120
-27.669048
27.254499
180.000000
1.000000
-2.878487
0.000000
25.037205
0.000000
0.000000
0.000000
77.725693
0.000000
-150.000000
0.000000
8.180495
-0.291721
-23.655342
0.000000
161.261246
180.000000
124.095634
0.000000
0.000000
0.000000
6.640226
0.000000
-21.918894
-360.000000
180.000000
0.000000
20.098820
8.000000
0.000000
0.000000
7.355797
0.000000
-23.186628
0.000000
195.393768
87.804749
83.326439
8.000000
0.000000
0.000000
5.564492
0.794430
26.405273
0.000000
194.568390
64.414009
15.000000
0.000000
0.000000
0.000000
0.000000
-2.952841
0.000000
0.000000
0.000000
0.000000
0.000000
0.000000
0.000000
0.000000
0.000000
-1.000000
0.000000
0.000000
0.000000
0.000000
0.000000
-1.000000
0.000000
0.000000
0.000000
0.000000
-0.210987
0.100000
25.700001
0.000000
0.000000
0.000000
0.717339
0.050000
0.000000

2
2.000000
0.462926
1.574120
-27.669048
27.254499
180.000000
1.000000
-1.535186
0.000000
27.000000
0.000000
90.000000
0.000000
52.801125
0.000000
0.000000
0.000000
8.180495
-0.291721
-23.655342
0.000000
161.261246
180.000000
124.095634
0.000000
0.000000
0.000000
6.640226
0.000000
-21.918894
-360.000000
180.000000
0.000000
20.098820
8.000000
0.000000
0.000000
7.355797
0.000000
-23.186628
0.000000
195.393768
87.804749
83.326439
8.000000
0.000000
0.000000
20.313816
0.100000
25.237101
0.000000
180.000000
90.000000
15.000000
0.000000
0.000000
0.000000
0.000000
0.000000
0.000000
0.000000
0.000000
0.000000
0.000000
0.000000
0.000000
0.000000
0.000000
-1.000000
0.000000
0.000000
0.000000
0.000000
0.000000
-1.000000
0.000000
0.000000
0.000000
0.000000
-0.210980
0.100000
25.700001
0.000000
0.000000
0.000000
1.200000
0.000000
0.000000

3
3.000000
0.000000
1.574120
-27.362741
27.254499
180.000000
1.000000
0.000000
0.000000
25.037205
0.000000
180.000000
0.000000
0.000000
0.000000
0.000000
0.000000
8.180495
-0.291721
-23.655342
0.000000
161.261246
180.000000
124.095634
0.000000
0.000000
0.000000
6.640226
0.000000
-21.918894
-360.000000
180.000000
0.000000
20.098820
8.000000
0.000000
0.000000
7.355797
0.000000
-23.186628
0.000000
195.393768
87.804749
83.326439
8.000000
0.000000
0.000000
14.612507
0.794430
25.917149
0.000000
194.568390
64.414009
15.000000
0.000000
0.000000
0.000000
0.000000
0.000000
0.000000
0.000000
0.000000
0.000000
0.000000
0.000000
0.000000
0.000000
0.000000
-1.000000
0.000000
0.000000
0.000000
0.000000
0.000000
-1.000000
0.000000
0.000000
0.000000
0.000000
0.000000
0.000000
0.000000
0.000000
0.000000
0.000000
0.000000
0.000000
0.000000

4
5.000000
0.000000
1.574120
-19.845798
22.304893
0.000000
1.000000
0.000000
0.000000
25.037205
0.000000
180.000000
0.000000
0.000000
0.000000
0.000000
0.000000
8.180495
-0.291721
-23.655342
0.000000
161.261246
180.000000
124.095634
0.000000
0.000000
0.000000
6.640226
0.000000
-21.918894
-360.000000
180.000000
0.000000
20.098820
8.000000
0.000000
0.000000
7.355797
0.000000
-23.186628
0.000000
195.393768
87.804749
83.326439
8.000000
0.000000
0.000000
14.612507
0.794430
25.917149
0.000000
194.568390
64.414009
15.000000
0.000000
0.000000
0.000000
0.000000
0.000000
0.000000
0.000000
0.000000
0.000000
0.000000
0.000000
0.000000
0.000000
0.000000
-1.000000
0.000000
0.000000
0.000000
0.000000
0.000000
-1.000000
0.000000
0.000000
0.000000
0.000000
0.000000
0.000000
0.000000
0.000000
0.000000
0.000000
0.000000
0.000000
0.000000

5
6.000000
0.000000
1.574120
-19.845798
22.304893
0.000000
1.000000
0.000000
0.000000
25.037205
0.000000
180.000000
0.000000
0.000000
0.000000
0.000000
0.000000
8.180495
-0.291721
-23.655342
0.000000
161.261246
180.000000
124.095634
0.000000
0.000000
0.000000
6.640226
0.000000
-21.918894
-360.000000
180.000000
0.000000
20.098820
8.000000
0.000000
0.000000
7.355797
0.000000
-23.186628
0.000000
195.393768
87.804749
83.326439
8.000000
0.000000
0.000000
14.612507
0.794430
25.917149
0.000000
194.568390
64.414009
15.000000
0.000000
0.000000
0.000000
0.000000
0.000000
0.000000
0.000000
0.000000
0.000000
0.000000
0.000000
0.000000
0.000000
0.000000
-1.000000
0.000000
0.000000
0.000000
0.000000
0.000000
-1.000000
0.000000
0.000000
0.000000
0.000000
0.000000
0.000000
0.000000
0.000000
0.000000
0.000000
0.000000
0.000000
0.000000

6
6.000000
-2.172303
0.779690
2.398297
11.566440
36.486343
1.000000
0.000000
0.000000
25.037205
0.000000
180.000000
0.000000
0.000000
0.000000
0.000000
0.000000
8.180495
-0.291721
-23.655342
0.000000
161.261246
180.000000
124.095634
0.000000
0.000000
0.000000
6.640226
0.000000
-21.918894
-360.000000
180.000000
0.000000
20.098820
8.000000
0.000000
0.000000
7.355797
0.000000
-23.186628
0.000000
195.393768
87.804749
83.326439
8.000000
0.000000
0.000000
14.612507
0.794430
25.917149
0.000000
194.568390
64.414009
15.000000
0.000000
0.000000
0.000000
0.000000
0.000000
0.000000
0.000000
0.000000
0.000000
0.000000
0.000000
0.000000
0.000000
0.000000
-1.000000
0.000000
0.000000
0.000000
0.000000
0.000000
-1.000000
0.000000
0.000000
0.000000
0.000000
0.000000
0.000000
0.000000
0.000000
0.000000
0.000000
0.000000
0.000000
0.000000

7
8.000000
0.000000
0.779690
-3.697570
11.566440
180.000000
1.000000
0.000000
0.000000
25.037205
0.000000
180.000000
0.000000
0.000000
0.000000
0.000000
0.000000
8.180495
-0.291721
-23.655342
0.000000
161.261246
180.000000
124.095634
0.000000
0.000000
0.000000
6.640226
0.000000
-21.918894
-360.000000
180.000000
0.000000
20.098820
8.000000
0.000000
0.000000
7.355797
0.000000
-23.186628
0.000000
195.393768
87.804749
83.326439
8.000000
0.000000
0.000000
14.612507
0.794430
25.917149
0.000000
194.568390
64.414009
15.000000
0.000000
0.000000
0.000000
0.000000
0.000000
0.000000
0.000000
0.000000
0.000000
0.000000
0.000000
0.000000
0.000000
0.000000
-1.000000
0.000000
0.000000
0.000000
0.000000
0.000000
-1.000000
0.000000
0.000000
0.000000
0.000000
0.000000
0.000000
0.000000
0.000000
0.000000
0.000000
0.000000
0.000000
0.000000

8
10.000000
2.778694
0.779690
1.559734
11.566440
311.584900
1.000000
0.000000
0.000000
25.037205
0.000000
180.000000
0.000000
0.000000
0.000000
0.000000
0.000000
8.180495
-0.291721
-23.655342
0.000000
161.261246
180.000000
124.095634
0.000000
0.000000
0.000000
6.640226
0.000000
-21.918894
-360.000000
180.000000
0.000000
20.098820
8.000000
0.000000
0.000000
7.355797
0.000000
-23.186628
0.000000
195.393768
87.804749
83.326439
8.000000
0.000000
0.000000
14.612507
0.794430
25.917149
0.000000
194.568390
64.414009
15.000000
0.000000
0.000000
0.000000
0.000000
0.000000
0.000000
0.000000
0.000000
0.000000
0.000000
0.000000
0.000000
0.000000
0.000000
-1.000000
0.000000
0.000000
0.000000
0.000000
0.000000
-1.000000
0.000000
0.000000
0.000000
0.000000
0.000000
0.000000
0.000000
0.000000
0.000000
0.000000
0.000000
0.000000
0.000000

9
10.000000
0.000000
0.000000
1.559734
11.566440
0.000000
1.000000
0.000000
0.000000
25.037201
0.000000
180.000000
0.000000
0.000000
0.000000
0.000000
0.000000
8.180495
-0.291721
-23.655342
0.000000
161.261246
180.000000
124.095634
0.000000
0.000000
0.000000
6.640226
0.000000
-21.918894
-360.000000
180.000000
0.000000
20.098820
8.000000
0.000000
0.000000
7.355797
0.000000
-23.186628
0.000000
195.393768
87.804749
83.326439
8.000000
0.000000
0.000000
14.612507
0.794430
25.917149
0.000000
194.568390
64.414009
15.000000
0.000000
0.000000
0.000000
0.000000
0.000000
0.000000
0.000000
0.000000
0.000000
0.000000
0.000000
0.000000
0.000000
0.000000
-1.000000
0.000000
0.000000
0.000000
0.000000
0.000000
-1.000000
0.000000
0.000000
0.000000
0.000000
0.000000
0.000000
0.000000
0.000000
0.000000
0.000000
0.000000
0.000000
0.000000

10
12.000000
0.000000
0.000000
1.559734
11.566440
0.000000
1.000000
0.000000
0.000000
25.037201
0.000000
180.000000
0.000000
0.000000
0.000000
0.000000
0.000000
8.180495
-0.291721
-23.655342
0.000000
161.261246
180.000000
124.095634
0.000000
0.000000
0.000000
6.640226
0.000000
-21.918894
-360.000000
180.000000
0.000000
20.098820
8.000000
0.000000
0.000000
7.355797
0.000000
-23.186628
0.000000
195.393768
87.804749
83.326439
8.000000
0.000000
0.000000
14.612507
0.794430
25.917149
0.000000
194.568390
64.414009
15.000000
0.000000
0.000000
0.000000
0.000000
0.000000
0.000000
0.000000
0.000000
0.000000
0.000000
0.000000
0.000000
0.000000
0.000000
0.100000
25.000000
0.000000
0.000000
0.000000
0.000000
0.100000
25.000000
0.000000
0.000000
0.000000
0.000000
0.000000
0.000000
0.000000
0.000000
0.000000
0.000000
0.000000
0.000000

11
14.000000
0.000000
0.000000
-20.303946
11.566440
0.000000
1.000000
0.000000
0.000000
25.037201
0.000000
180.000000
0.000000
0.000000
0.000000
0.000000
0.000000
8.180495
-0.291721
-23.655342
0.000000
161.261246
180.000000
124.095634
0.000000
0.000000
0.000000
6.640226
0.000000
-21.918894
-360.000000
180.000000
0.000000
20.098820
8.000000
0.000000
0.000000
7.355797
0.000000
-23.186628
0.000000
195.393768
87.804749
83.326439
8.000000
0.000000
0.000000
14.612507
0.794430
25.917149
0.000000
194.568390
64.414009
15.000000
0.000000
0.000000
0.000000
0.000000
0.000000
0.000000
0.000000
0.000000
0.000000
0.000000
0.000000
0.000000
0.000000
0.000000
0.000000
22.827694
0.000000
0.000000
0.000000
0.000000
0.000000
23.000000
0.000000
0.000000
0.000000
0.000000
0.000000
0.000000
0.000000
0.000000
0.000000
0.000000
0.000000
0.000000

12
16.000000
0.000000
0.000000
-20.303946
11.566440
0.000000
1.000000
0.000000
0.000000
25.037201
0.000000
180.000000
0.000000
0.000000
0.000000
0.000000
0.000000
8.180495
-0.291721
-23.655342
0.000000
161.261246
180.000000
124.095634
0.000000
0.000000
0.000000
6.640226
0.000000
-21.918894
-360.000000
180.000000
0.000000
20.098820
8.000000
0.000000
0.000000
7.355797
0.000000
-23.186628
0.000000
195.393768
87.804749
83.326439
8.000000
0.000000
0.000000
14.612507
0.794430
25.917149
0.000000
194.568390
64.414009
15.000000
0.000000
0.000000
0.000000
0.000000
0.000000
0.000000
0.000000
0.000000
0.000000
0.000000
0.000000
0.000000
0.000000
0.000000
0.000000
25.000000
0.000000
0.000000
0.000000
0.000000
0.000000
25.000000
0.000000
0.000000
0.000000
0.000000
0.000000
0.000000
0.000000
0.000000
0.000000
0.000000
0.000000
0.000000

13
17.000000
0.000000
0.000000
-6.628932
0.910031
0.000000
1.000000
0.000000
0.000000
25.037201
0.000000
180.000000
0.000000
0.000000
0.000000
0.000000
0.000000
8.180495
-0.291721
-23.655342
0.000000
161.261246
180.000000
124.095634
0.000000
0.000000
0.000000
6.640226
0.000000
-21.918894
-360.000000
180.000000
0.000000
20.098820
8.000000
0.000000
0.000000
7.355797
0.000000
-23.186628
0.000000
195.393768
87.804749
83.326439
8.000000
0.000000
0.000000
14.612507
0.794430
25.917149
0.000000
194.568390
64.414009
15.000000
0.000000
0.000000
0.000000
0.000000
0.000000
0.000000
0.000000
0.000000
0.000000
0.000000
0.000000
0.000000
0.000000
0.000000
0.100000
13.504654
0.000000
0.000000
180.000000
0.000000
0.100000
25.000000
0.000000
0.000000
0.000000
0.000000
0.000000
0.000000
0.000000
0.000000
0.000000
0.000000
0.000000
0.000000

14
18.000000
0.000000
0.000000
3.979885
0.910031
0.000000
0.000000
0.000000
0.000000
25.037201
0.000000
180.000000
0.000000
0.000000
0.000000
0.000000
0.000000
8.180495
-0.291721
-23.655342
0.000000
161.261246
180.000000
124.095634
0.000000
0.000000
0.000000
6.640226
0.000000
-21.918894
-360.000000
180.000000
0.000000
20.098820
8.000000
0.000000
0.000000
7.355797
0.000000
-23.186628
0.000000
195.393768
87.804749
83.326439
8.000000
0.000000
0.000000
14.612507
0.794430
25.917149
0.000000
194.568390
64.414009
15.000000
0.000000
0.000000
0.000000
0.000000
0.000000
0.000000
0.000000
0.000000
0.000000
0.000000
0.000000
0.000000
0.000000
0.000000
0.100000
3.858418
0.000000
0.000000
180.000000
0.000000
0.100000
25.000000
0.000000
0.000000
0.000000
0.000000
0.000000
0.000000
0.000000
0.000000
0.000000
0.000000
0.000000
0.000000

15
18.500000
0.000000
0.000000
3.979885
0.910031
0.000000
0.000000
0.000000
0.000000
25.037201
0.000000
180.000000
0.000000
0.000000
0.000000
0.000000
0.000000
8.180495
-0.291721
-23.655342
0.000000
161.261246
180.000000
124.095634
0.000000
0.000000
0.000000
6.640226
0.000000
-21.918894
-360.000000
180.000000
0.000000
20.098820
8.000000
0.000000
0.000000
7.355797
0.000000
-23.186628
0.000000
195.393768
87.804749
83.326439
8.000000
0.000000
0.000000
14.612507
0.794430
25.917149
0.000000
194.568390
64.414009
15.000000
0.000000
0.000000
0.000000
0.000000
0.000000
0.000000
0.000000
0.000000
0.000000
0.000000
0.000000
0.000000
0.000000
0.000000
0.100000
2.494437
16.677803
0.000000
360.000000
0.000000
0.100000
25.000000
0.000000
0.000000
0.000000
0.000000
0.100000
2.450133
0.000000
0.000000
0.000000
0.000000
0.050000
0.000000

16
19.000000
0.000000
0.000000
3.979885
0.910031
0.000000
0.000000
0.000000
0.000000
25.037201
0.000000
180.000000
0.000000
0.000000
0.000000
0.000000
0.000000
8.180495
-0.291721
-23.655342
0.000000
161.261246
180.000000
124.095634
0.000000
0.000000
0.000000
6.640226
0.000000
-21.918894
-360.000000
180.000000
0.000000
20.098820
8.000000
0.000000
0.000000
7.355797
0.000000
-23.186628
0.000000
195.393768
87.804749
83.326439
8.000000
0.000000
0.000000
14.612507
0.794430
25.917149
0.000000
194.568390
64.414009
15.000000
0.000000
0.000000
0.000000
0.000000
0.000000
0.000000
0.000000
0.000000
0.000000
0.000000
0.000000
0.000000
0.000000
-0.516600
4.662086
0.000000
16.677803
0.000000
360.000000
0.000000
0.100000
25.000000
0.000000
0.000000
0.000000
0.000000
0.100000
2.450133
0.000000
0.000000
0.000000
0.334951
0.020000
0.000000

17
19.500000
0.000000
0.000000
3.979885
0.910031
0.000000
0.000000
0.000000
0.000000
25.037201
0.000000
180.000000
0.000000
0.000000
0.000000
0.000000
0.000000
8.180495
-0.291721
-23.655342
0.000000
161.261246
180.000000
124.095634
0.000000
0.000000
0.000000
6.640226
0.000000
-21.918894
-360.000000
180.000000
0.000000
20.098820
8.000000
0.000000
0.000000
7.355797
0.000000
-23.186628
0.000000
195.393768
87.804749
83.326439
8.000000
0.000000
0.000000
14.612507
0.794430
25.917149
0.000000
194.568390
64.414009
15.000000
0.000000
0.000000
0.000000
0.000000
0.000000
0.000000
0.000000
0.000000
0.000000
0.000000
0.000000
0.000000
0.000000
-0.516600
4.662086
0.000000
16.677803
0.000000
360.000000
0.000000
0.100000
25.000000
0.000000
0.000000
0.000000
0.000000
0.100000
2.450133
0.000000
0.000000
0.000000
0.475596
0.000000
0.000000

18
19.500000
-2.358094
0.713001
1.232604
20.555492
47.344578
0.000000
0.000000
0.000000
25.037201
0.000000
180.000000
0.000000
0.000000
0.000000
0.000000
0.000000
8.180495
-0.291721
-23.655342
0.000000
161.261246
180.000000
124.095634
0.000000
0.000000
0.000000
6.640226
0.000000
-21.918894
-360.000000
180.000000
0.000000
20.098820
8.000000
0.000000
0.000000
7.355797
0.000000
-23.186628
0.000000
195.393768
87.804749
83.326439
8.000000
0.000000
0.000000
14.612507
0.794430
25.917149
0.000000
194.568390
64.414009
15.000000
0.000000
0.000000
0.000000
0.000000
0.000000
0.000000
0.000000
0.000000
0.000000
0.000000
0.000000
0.000000
0.000000
-0.516600
-1.000000
0.000000
16.677803
0.000000
360.000000
0.000000
0.100000
25.000000
0.000000
0.000000
0.000000
0.000000
0.100000
2.450133
0.000000
0.000000
0.000000
0.475596
0.000000
0.000000

19
20.500000
-2.358094
0.713001
1.232604
20.555492
47.344578
0.000000
0.000000
0.000000
25.037201
0.000000
180.000000
0.000000
0.000000
0.000000
0.000000
0.000000
8.180495
-0.291721
-23.655342
0.000000
161.261246
180.000000
124.095634
0.000000
0.000000
0.000000
6.640226
0.000000
-21.918894
-360.000000
180.000000
0.000000
20.098820
8.000000
0.000000
0.000000
7.355797
0.000000
-23.186628
0.000000
195.393768
87.804749
83.326439
8.000000
0.000000
0.000000
14.612507
0.794430
25.917149
0.000000
194.568390
64.414009
15.000000
0.000000
0.000000
0.000000
0.000000
0.000000
0.000000
0.000000
0.000000
0.000000
0.000000
0.000000
0.000000
0.000000
-0.516600
-1.000000
0.000000
16.677803
0.000000
360.000000
0.000000
0.100000
25.000000
0.000000
0.000000
0.000000
0.000000
0.100000
2.450130
0.000000
0.000000
0.000000
0.000000
0.000000
0.000000

20
21.000000
-2.358094
0.713001
1.232604
20.555492
47.344578
0.000000
0.000000
0.000000
25.037201
0.000000
180.000000
0.000000
0.000000
0.000000
0.000000
0.000000
8.180495
-0.291721
-23.655342
0.000000
161.261246
180.000000
124.095634
0.000000
0.000000
0.000000
6.640226
0.000000
-21.918894
-360.000000
180.000000
0.000000
20.098820
8.000000
0.000000
0.000000
7.355797
0.000000
-23.186628
0.000000
195.393768
87.804749
83.326439
8.000000
0.000000
0.000000
14.612507
0.794430
25.917149
0.000000
194.568390
64.414009
15.000000
0.000000
0.000000
0.000000
0.000000
0.000000
0.000000
0.000000
0.000000
0.000000
0.000000
0.000000
0.000000
0.000000
-0.516600
-1.000000
0.000000
16.677803
0.000000
360.000000
0.000000
0.100000
3.141140
0.000000
0.000000
0.000000
0.000000
0.100000
2.450130
0.000000
0.000000
0.000000
0.000000
0.000000
0.000000

21
21.200001
-2.358094
0.713001
1.232604
20.555492
47.344578
0.000000
0.000000
0.000000
25.037201
0.000000
180.000000
0.000000
0.000000
0.000000
0.000000
0.000000
8.180495
-0.291721
-23.655342
0.000000
161.261246
180.000000
124.095634
0.000000
0.000000
0.000000
6.640226
0.000000
-21.918894
-360.000000
180.000000
0.000000
20.098820
8.000000
0.000000
0.000000
7.355797
0.000000
-23.186628
0.000000
195.393768
87.804749
83.326439
8.000000
0.000000
0.000000
14.612507
0.794430
25.917149
0.000000
194.568390
64.414009
15.000000
0.000000
0.000000
0.000000
0.000000
0.000000
0.000000
0.000000
0.000000
0.000000
0.000000
0.000000
0.000000
0.000000
-0.516600
-1.000000
0.000000
16.677803
0.000000
360.000000
0.000000
0.100000
2.121833
31.217745
0.000000
360.000000
0.000000
0.100000
1.933530
0.000000
0.000000
0.000000
0.000000
0.020000
0.000000

22
21.700001
-2.358094
0.713001
1.232604
20.555492
47.344578
0.000000
0.000000
0.000000
25.037201
0.000000
180.000000
0.000000
0.000000
0.000000
0.000000
0.000000
8.180495
-0.291721
-23.655342
0.000000
161.261246
180.000000
124.095634
0.000000
0.000000
0.000000
6.640226
0.000000
-21.918894
-360.000000
180.000000
0.000000
20.098820
8.000000
0.000000
0.000000
7.355797
0.000000
-23.186628
0.000000
195.393768
87.804749
83.326439
8.000000
0.000000
0.000000
14.612507
0.794430
25.917149
0.000000
194.568390
64.414009
15.000000
0.000000
0.000000
0.000000
0.000000
0.000000
0.000000
0.000000
0.000000
0.000000
0.000000
0.000000
0.000000
0.000000
-0.516600
-1.000000
0.000000
16.677803
0.000000
360.000000
-0.502708
4.920621
1.035682
360.000000
0.000000
360.000000
0.000000
0.100000
1.933530
0.000000
0.000000
0.000000
0.412573
0.020000
0.000000

23
22.000000
-2.358094
0.713001
1.232604
20.555492
47.344578
0.000000
0.000000
0.000000
25.037201
0.000000
180.000000
0.000000
0.000000
0.000000
0.000000
0.000000
8.180495
-0.291721
-23.655342
0.000000
161.261246
180.000000
124.095634
0.000000
0.000000
0.000000
6.640226
0.000000
-21.918894
-360.000000
180.000000
0.000000
20.098820
8.000000
0.000000
0.000000
7.355797
0.000000
-23.186628
0.000000
195.393768
87.804749
83.326439
8.000000
0.000000
0.000000
14.612507
0.794430
25.917149
0.000000
194.568390
64.414009
15.000000
0.000000
0.000000
0.000000
0.000000
0.000000
0.000000
0.000000
0.000000
0.000000
0.000000
0.000000
0.000000
0.000000
-0.516600
-1.000000
0.000000
16.677803
0.000000
360.000000
-0.502708
4.920621
1.035682
360.000000
0.000000
360.000000
0.000000
0.100000
1.933530
0.000000
0.000000
0.000000
0.850333
0.000000
0.000000

24
24.000000
-2.358094
0.713001
1.232604
20.555492
47.344578
0.000000
0.000000
0.000000
25.037201
0.000000
180.000000
0.000000
0.000000
0.000000
0.000000
0.000000
8.180495
-0.291721
-23.655342
0.000000
161.261246
180.000000
124.095634
0.000000
0.000000
0.000000
6.640226
0.000000
-21.918894
-360.000000
180.000000
0.000000
20.098820
8.000000
0.000000
0.000000
7.355797
0.000000
-23.186628
0.000000
195.393768
87.804749
83.326439
8.000000
0.000000
0.000000
14.612507
0.794430
25.917149
0.000000
194.568390
64.414009
15.000000
0.000000
0.000000
0.000000
0.000000
0.000000
0.000000
0.000000
0.000000
0.000000
0.000000
0.000000
0.000000
0.000000
-0.516600
-1.000000
0.000000
16.677803
0.000000
360.000000
-0.502708
4.920621
1.035682
360.000000
0.000000
360.000000
0.000000
0.100000
1.933530
0.000000
0.000000
0.000000
0.850333
0.000000
0.000000

25
24.000000
0.000000
1.962010
-27.296749
20.555492
180.000000
0.000000
0.000000
0.000000
25.037201
0.000000
180.000000
0.000000
0.000000
0.000000
0.000000
0.000000
8.180495
-0.291721
-23.655342
0.000000
161.261246
180.000000
124.095634
0.000000
0.000000
0.000000
6.640226
0.000000
-21.918894
-360.000000
180.000000
0.000000
20.098820
8.000000
0.000000
0.000000
7.355797
0.000000
-23.186628
0.000000
195.393768
87.804749
83.326439
8.000000
0.000000
0.000000
14.612507
0.000000
25.917149
0.000000
194.568390
64.414009
15.000000
0.000000
0.000000
0.000000
0.000000
0.000000
0.000000
0.000000
0.000000
0.000000
0.000000
0.000000
0.000000
0.000000
-0.516600
-1.000000
0.000000
16.677803
0.000000
360.000000
-0.502708
4.920621
1.035682
360.000000
0.000000
360.000000
0.000000
0.100000
1.933530
0.000000
0.000000
0.000000
0.850333
0.000000
0.000000

26
25.000000
0.000000
1.962010
-27.296749
20.555492
180.000000
0.000000
0.000000
0.000000
25.037201
0.000000
180.000000
0.000000
0.000000
0.000000
0.000000
0.000000
8.180495
-0.291721
-23.655342
0.000000
161.261246
180.000000
124.095634
0.000000
0.000000
0.000000
6.640226
0.000000
-21.918894
-360.000000
180.000000
0.000000
20.098820
8.000000
0.000000
0.000000
7.355797
0.000000
-23.186628
0.000000
195.393768
87.804749
83.326439
8.000000
0.000000
0.000000
14.612507
0.000000
25.917149
0.000000
194.568390
64.414009
15.000000
0.000000
0.000000
0.000000
0.000000
0.000000
0.000000
0.000000
0.000000
0.000000
0.000000
0.000000
0.000000
0.000000
-0.516600
-1.000000
0.000000
16.677803
0.000000
360.000000
-0.502708
4.920621
1.035682
360.000000
0.000000
360.000000
0.000000
0.100000
1.933530
0.000000
0.000000
0.000000
0.850333
0.000000
0.000000

