24

0
0.000000
4.301041
1.928710
30.089514
21.062862
-17.091946
0.000000
-2.819570
0.000000
-26.629560
0.000000
0.000000
0.000000
-23.968800
8.000000
0.000000
-180.000000
8.180495
-0.291721
-23.655342
0.000000
161.261246
180.000000
124.095634
0.000000
0.000000
0.000000
6.640226
0.000000
-21.918894
-360.000000
180.000000
0.000000
20.098820
8.000000
0.000000
0.000000
7.355797
0.000000
-23.186628
0.000000
195.393768
87.804749
83.326439
8.000000
0.000000
0.000000
0.000000
0.000000
26.000000
0.000000
180.000000
0.000000
15.000000
0.000000
0.000000
0.000000
0.000000
-2.952841
0.000000
0.000000
0.000000
0.000000
0.000000
0.000000
0.000000
0.000000
0.000000
-0.300000
0.000000
0.000000
0.000000
0.000000
3.400000
5.657387
-15.243514
47.832840
0.000000
0.000000
0.000000
0.000000
0.000000
0.000000
0.000000
0.000000
0.000000
0.000000
0.000000

1
0.750000
4.301041
1.928710
30.089514
21.062862
-17.091946
0.000000
-2.819570
0.000000
-26.629560
0.000000
0.000000
0.000000
0.000000
0.000000
0.000000
-180.000000
8.180495
-0.291721
-23.655342
0.000000
161.261246
180.000000
124.095634
0.000000
0.000000
0.000000
6.640226
0.000000
-21.918894
-360.000000
180.000000
0.000000
20.098820
8.000000
0.000000
0.000000
7.355797
0.000000
-23.186628
0.000000
195.393768
87.804749
83.326439
8.000000
0.000000
0.000000
0.000000
0.000000
26.000000
0.000000
180.000000
0.000000
15.000000
0.000000
0.000000
0.000000
0.000000
-2.952841
0.000000
0.000000
0.000000
0.000000
0.000000
0.000000
0.000000
0.000000
0.000000
-1.000000
0.000000
0.000000
0.000000
0.000000
0.000000
-1.000000
0.000000
0.000000
0.000000
0.000000
0.000000
0.000000
0.000000
0.000000
0.000000
0.000000
0.000000
0.000000
0.000000

2
1.250000
-1.441158
2.206540
27.310820
21.062862
70.555473
0.000000
-2.819570
0.000000
-26.629560
0.000000
0.000000
0.000000
0.000000
0.000000
0.000000
-180.000000
8.180495
-0.291721
-23.655342
0.000000
161.261246
180.000000
124.095634
0.000000
0.000000
0.000000
6.640226
0.000000
-21.918894
-360.000000
180.000000
0.000000
20.098820
8.000000
0.000000
0.000000
7.355797
0.000000
-23.186628
0.000000
195.393768
87.804749
83.326439
8.000000
0.000000
0.000000
0.000000
0.000000
26.000000
0.000000
180.000000
0.000000
15.000000
0.000000
0.000000
0.000000
0.000000
-2.952841
0.000000
0.000000
0.000000
0.000000
0.000000
0.000000
0.000000
0.000000
0.000000
-1.000000
0.000000
0.000000
0.000000
0.000000
0.000000
-1.000000
0.000000
0.000000
0.000000
0.000000
0.000000
0.000000
0.000000
0.000000
0.000000
0.000000
0.000000
0.000000
0.000000

3
2.000000
2.990011
1.928710
17.166653
21.062862
184.518250
0.000000
-2.819570
0.000000
-26.629560
0.000000
0.000000
0.000000
0.000000
0.000000
0.000000
-180.000000
8.180495
-0.291721
-23.655342
0.000000
161.261246
180.000000
124.095634
0.000000
0.000000
0.000000
6.640226
0.000000
-21.918894
-360.000000
180.000000
0.000000
20.098820
8.000000
0.000000
0.000000
7.355797
0.000000
-23.186628
0.000000
195.393768
87.804749
83.326439
8.000000
0.000000
0.000000
0.000000
0.000000
26.000000
0.000000
180.000000
0.000000
15.000000
0.000000
0.000000
0.000000
0.000000
-2.952841
0.000000
0.000000
0.000000
0.000000
0.000000
0.000000
0.000000
0.000000
0.000000
-1.000000
0.000000
0.000000
0.000000
0.000000
0.000000
-1.000000
0.000000
0.000000
0.000000
0.000000
0.000000
0.000000
0.000000
0.000000
0.000000
0.000000
0.000000
0.000000
0.000000

4
4.000000
0.000000
1.928710
-29.058369
21.062862
180.000000
0.000000
-2.819570
0.000000
-26.629560
0.000000
0.000000
0.000000
0.000000
0.000000
0.000000
-180.000000
8.180495
-0.291721
-23.655342
0.000000
161.261246
180.000000
124.095634
0.000000
0.000000
0.000000
6.640226
0.000000
-21.918894
-360.000000
180.000000
0.000000
20.098820
8.000000
0.000000
0.000000
7.355797
0.000000
-23.186628
0.000000
195.393768
87.804749
83.326439
8.000000
0.000000
0.000000
0.000000
0.000000
26.000000
0.000000
180.000000
0.000000
15.000000
0.000000
0.000000
0.000000
0.000000
-2.952841
0.000000
0.000000
0.000000
0.000000
0.000000
0.000000
0.000000
0.000000
0.000000
-1.000000
0.000000
0.000000
0.000000
0.000000
0.000000
-1.000000
0.000000
0.000000
0.000000
0.000000
0.000000
0.000000
0.000000
0.000000
0.000000
0.000000
0.000000
0.000000
0.000000

5
4.000000
0.000000
1.928710
-29.058369
21.062862
180.000000
0.000000
-2.819570
0.000000
-26.629560
0.000000
0.000000
0.000000
0.000000
0.000000
0.000000
-180.000000
8.180495
-0.291721
-23.655342
0.000000
161.261246
180.000000
124.095634
0.000000
0.000000
0.000000
6.640226
0.000000
-21.918894
-360.000000
180.000000
0.000000
20.098820
8.000000
0.000000
0.000000
7.355797
0.000000
-23.186628
0.000000
195.393768
87.804749
83.326439
8.000000
0.000000
0.000000
0.000000
0.000000
26.000000
0.000000
180.000000
0.000000
15.000000
0.000000
0.000000
0.000000
0.000000
-2.952841
0.000000
0.000000
0.000000
0.000000
0.000000
0.000000
0.000000
0.000000
0.000000
-1.000000
0.000000
0.000000
0.000000
0.000000
0.000000
-1.000000
0.000000
0.000000
0.000000
0.000000
0.000000
0.000000
0.000000
0.000000
0.000000
0.000000
0.000000
0.000000
0.000000

6
6.000000
0.000000
1.928710
-29.058369
21.062862
180.000000
0.000000
0.000000
0.000000
-26.629560
0.000000
0.000000
0.000000
0.000000
0.000000
0.000000
-180.000000
8.180495
-0.291721
-23.655342
0.000000
161.261246
180.000000
124.095634
0.000000
0.000000
0.000000
6.640226
0.000000
-21.918894
-360.000000
180.000000
0.000000
20.098820
8.000000
0.000000
0.000000
7.355797
0.000000
-23.186628
0.000000
195.393768
87.804749
83.326439
8.000000
0.000000
0.000000
0.000000
0.000000
26.000000
0.000000
180.000000
0.000000
15.000000
0.000000
0.000000
0.000000
0.000000
-2.952841
0.000000
0.000000
0.000000
0.000000
0.000000
0.000000
0.000000
0.000000
0.000000
-1.000000
0.000000
0.000000
0.000000
0.000000
0.000000
-1.000000
0.000000
0.000000
0.000000
0.000000
0.000000
0.000000
0.000000
0.000000
0.000000
0.000000
0.000000
0.000000
0.000000

7
6.000000
3.900970
-0.110060
21.935991
21.062862
38.289391
0.000000
0.000000
0.000000
-26.629560
0.000000
0.000000
0.000000
0.000000
0.000000
0.000000
-180.000000
8.180495
-0.291721
-23.655342
0.000000
161.261246
180.000000
124.095634
0.000000
0.000000
0.000000
6.640226
0.000000
-21.918894
-360.000000
180.000000
0.000000
20.098820
8.000000
0.000000
0.000000
7.355797
0.000000
-23.186628
0.000000
195.393768
87.804749
83.326439
8.000000
0.000000
0.000000
0.000000
0.000000
26.000000
0.000000
180.000000
0.000000
15.000000
0.000000
0.000000
0.000000
0.000000
-2.952841
0.000000
0.000000
0.000000
0.000000
0.000000
0.000000
0.000000
0.000000
0.000000
-1.000000
0.000000
0.000000
0.000000
0.000000
0.000000
-1.000000
0.000000
0.000000
0.000000
0.000000
0.000000
0.000000
0.000000
0.000000
0.000000
0.000000
0.000000
0.000000
0.000000

8
7.000000
3.900970
-0.110060
21.935991
21.062862
38.289391
0.000000
-2.800233
0.000000
-21.731510
0.000000
-15.466436
0.000000
30.406816
-1.889816
90.000000
0.000000
8.180495
-0.291721
-23.655342
0.000000
161.261246
180.000000
124.095634
0.000000
0.000000
0.000000
6.640226
0.000000
-21.918894
-360.000000
180.000000
0.000000
20.098820
8.000000
0.000000
0.000000
7.355797
0.000000
-23.186628
0.000000
195.393768
87.804749
83.326439
8.000000
0.000000
0.000000
0.000000
0.000000
26.000000
0.000000
180.000000
0.000000
15.000000
0.000000
0.000000
0.000000
0.000000
-2.952841
0.000000
0.000000
0.000000
0.000000
0.000000
0.000000
0.000000
0.000000
-2.678140
0.100000
0.000000
0.000000
0.000000
0.000000
0.000000
-1.000000
0.000000
0.000000
0.000000
0.000000
0.000000
0.000000
0.000000
0.000000
0.000000
0.000000
0.000000
0.000000
0.000000

9
7.500000
3.900970
-0.110060
17.752447
21.062862
38.289391
0.000000
-2.800233
0.000000
-18.720953
0.000000
0.000000
0.000000
22.574234
-1.889816
90.000000
0.000000
8.180495
-0.291721
-23.655342
0.000000
161.261246
180.000000
124.095634
0.000000
0.000000
0.000000
6.640226
0.000000
-21.918894
-360.000000
180.000000
0.000000
20.098820
8.000000
0.000000
0.000000
7.355797
0.000000
-23.186628
0.000000
195.393768
87.804749
83.326439
8.000000
0.000000
0.000000
0.000000
0.000000
26.000000
0.000000
180.000000
0.000000
15.000000
0.000000
0.000000
0.000000
0.000000
-2.952841
0.000000
0.000000
0.000000
0.000000
0.000000
0.000000
0.000000
0.000000
-2.678140
0.100000
0.000000
0.000000
0.000000
0.000000
0.000000
-1.000000
0.000000
0.000000
0.000000
0.000000
0.000000
0.000000
0.000000
0.000000
0.000000
0.000000
0.000000
0.000000
0.000000

10
8.000000
3.384370
-0.110060
11.210849
21.062862
38.289391
0.000000
0.000000
0.000000
-10.644184
0.000000
23.497742
0.000000
14.737370
-1.889816
270.000000
0.000000
8.180495
-0.291721
-23.655342
0.000000
161.261246
180.000000
124.095634
0.000000
0.000000
0.000000
6.640226
0.000000
-21.918894
-360.000000
180.000000
0.000000
20.098820
8.000000
0.000000
0.000000
7.355797
0.000000
-23.186628
0.000000
195.393768
87.804749
83.326439
8.000000
0.000000
0.000000
0.000000
0.000000
26.000000
0.000000
180.000000
0.000000
15.000000
0.000000
0.000000
0.000000
0.000000
-2.952841
0.000000
0.000000
0.000000
0.000000
0.000000
0.000000
0.000000
0.000000
-2.678140
0.100000
-14.688078
0.000000
0.000000
0.000000
0.000000
-1.000000
0.000000
0.000000
0.000000
0.000000
0.000000
0.000000
0.000000
0.000000
0.000000
0.000000
0.000000
0.000000
0.000000

11
9.000000
0.095982
-0.110060
5.429298
21.062862
41.700336
0.000000
0.000000
0.000000
-5.834318
0.000000
0.000000
0.000000
0.000000
-1.889816
360.000000
0.000000
8.180495
-0.291721
-23.655342
0.000000
161.261246
180.000000
124.095634
0.000000
0.000000
0.000000
6.640226
0.000000
-21.918894
-360.000000
180.000000
0.000000
20.098820
8.000000
0.000000
0.000000
7.355797
0.000000
-23.186628
0.000000
195.393768
87.804749
83.326439
8.000000
0.000000
0.000000
0.000000
0.000000
26.000000
0.000000
180.000000
0.000000
15.000000
0.000000
0.000000
0.000000
0.000000
-2.952841
0.000000
0.000000
0.000000
0.000000
0.000000
0.000000
0.000000
0.000000
0.000000
-1.000000
-26.000000
0.000000
0.000000
0.000000
0.000000
0.100000
0.000000
0.000000
0.000000
0.000000
0.000000
0.000000
0.000000
0.000000
0.000000
0.000000
0.000000
0.000000
0.000000

12
9.000000
0.095982
-0.110060
5.429298
21.062862
41.700336
0.000000
0.000000
0.000000
-5.834318
0.000000
0.000000
0.000000
0.000000
-1.889816
-360.000000
0.000000
8.180495
-0.291721
-23.655342
0.000000
161.261246
180.000000
124.095634
0.000000
0.000000
0.000000
6.640226
0.000000
-21.918894
-360.000000
180.000000
0.000000
20.098820
8.000000
0.000000
0.000000
7.355797
0.000000
-23.186628
0.000000
195.393768
87.804749
83.326439
8.000000
0.000000
0.000000
0.000000
0.000000
26.000000
0.000000
180.000000
0.000000
15.000000
0.000000
0.000000
0.000000
0.000000
-2.952841
0.000000
0.000000
0.000000
0.000000
0.000000
0.000000
0.000000
0.000000
0.000000
-1.000000
0.000000
0.000000
0.000000
0.000000
0.000000
0.100000
0.000000
0.000000
0.000000
0.000000
0.000000
0.000000
0.000000
0.000000
0.000000
0.000000
0.000000
0.000000
0.000000

13
11.000000
0.095982
-0.110060
1.522762
21.062862
41.700336
0.000000
-1.086151
0.000000
-2.642708
0.000000
-8.937336
9.067191
0.000000
-1.889816
-270.000000
0.000000
8.180495
-0.291721
-23.655342
0.000000
161.261246
180.000000
124.095634
0.000000
0.000000
0.000000
6.640226
0.000000
-21.918894
-360.000000
180.000000
0.000000
20.098820
8.000000
0.000000
0.000000
7.355797
0.000000
-23.186628
0.000000
195.393768
87.804749
83.326439
8.000000
0.000000
0.000000
0.000000
0.000000
26.000000
0.000000
180.000000
0.000000
15.000000
0.000000
0.000000
0.000000
0.000000
-2.952841
0.000000
0.000000
0.000000
0.000000
0.000000
0.000000
0.000000
0.000000
0.000000
-1.000000
0.000000
0.000000
0.000000
0.000000
0.000000
0.100000
-3.956190
0.000000
0.000000
0.000000
0.000000
0.000000
0.000000
0.000000
0.000000
0.000000
0.000000
0.000000
0.000000

14
12.000000
0.095982
-0.110060
-3.324552
21.062862
41.700336
0.000000
0.000000
0.200000
0.000000
-6.109601
9.015476
0.000000
-9.015480
6.109600
-180.000000
0.000000
8.180495
-0.291721
-23.655342
0.000000
161.261246
180.000000
124.095634
0.000000
0.000000
0.000000
6.640226
0.000000
-21.918894
-360.000000
180.000000
0.000000
20.098820
8.000000
0.000000
0.000000
7.355797
0.000000
-23.186628
0.000000
195.393768
87.804749
83.326439
8.000000
0.000000
0.000000
0.000000
0.000000
26.000000
0.000000
180.000000
0.000000
0.000000
0.000000
0.000000
0.000000
0.000000
-2.952841
0.000000
0.000000
0.000000
0.000000
0.000000
0.000000
0.000000
0.000000
0.010000
0.380000
-0.035379
0.000000
0.000000
0.000000
0.000000
-1.000000
-34.000000
0.000000
0.000000
0.000000
0.000000
0.000000
0.000000
0.000000
0.000000
0.000000
0.000000
0.000000
0.000000

15
13.000000
0.095982
-0.110060
-3.324552
21.062862
41.700336
0.000000
0.000000
0.200000
1.588860
-6.109601
9.015476
0.000000
-9.015480
6.109600
-180.000000
0.000000
8.180495
-0.291721
-23.655342
0.000000
161.261246
180.000000
124.095634
0.000000
0.000000
0.000000
6.640226
0.000000
-21.918894
-360.000000
180.000000
0.000000
20.098820
8.000000
0.000000
0.000000
7.355797
0.000000
-23.186628
0.000000
195.393768
87.804749
83.326439
8.000000
0.000000
0.000000
0.000000
0.000000
26.000000
0.000000
180.000000
0.000000
0.000000
0.000000
0.000000
0.000000
0.000000
-2.952841
0.000000
0.000000
0.000000
0.000000
0.000000
0.000000
0.000000
0.000000
0.010000
0.380000
4.131005
0.000000
0.000000
30.000000
0.000000
-1.000000
26.000000
0.000000
0.000000
0.000000
0.000000
0.000000
0.000000
0.000000
0.000000
0.000000
0.000000
0.000000
0.000000

16
16.000000
-3.230045
1.574120
-14.628046
22.785843
92.332336
1.000000
0.000000
0.000000
5.827562
1.640933
9.015476
0.000000
-9.015480
6.109600
-150.000000
0.000000
8.180495
-0.291721
-23.655342
0.000000
161.261246
180.000000
124.095634
0.000000
0.000000
0.000000
6.640226
0.000000
-21.918894
-360.000000
180.000000
0.000000
20.098820
8.000000
0.000000
0.000000
7.355797
0.000000
-23.186628
0.000000
195.393768
87.804749
83.326439
8.000000
0.000000
0.000000
0.000000
0.000000
26.000000
0.000000
180.000000
0.000000
0.000000
0.000000
0.000000
0.000000
0.000000
-2.952841
0.000000
0.000000
0.000000
0.000000
0.000000
0.000000
0.000000
0.000000
0.000000
0.380000
13.370706
0.000000
0.000000
30.000000
0.000000
0.380000
26.000000
0.000000
0.000000
0.000000
0.000000
0.380000
17.689100
0.000000
0.000000
0.000000
0.000000
0.000000
0.000000

17
18.000000
-3.230045
1.574120
-17.594780
22.785843
92.332336
1.000000
0.000000
0.000000
5.827562
1.640933
9.015476
0.000000
-9.015480
6.109600
-150.000000
0.000000
8.180495
-0.291721
-23.655342
0.000000
161.261246
180.000000
124.095634
0.000000
0.000000
0.000000
6.640226
0.000000
-21.918894
-360.000000
180.000000
0.000000
20.098820
8.000000
0.000000
0.000000
7.355797
0.000000
-23.186628
0.000000
195.393768
87.804749
83.326439
8.000000
0.000000
0.000000
0.000000
0.000000
26.000000
0.000000
180.000000
0.000000
0.000000
0.000000
0.000000
0.000000
0.000000
-2.952841
0.000000
0.000000
0.000000
0.000000
0.000000
0.000000
0.000000
0.000000
0.000000
0.380000
17.290436
0.000000
0.000000
180.000000
0.000000
0.380000
17.689150
0.000000
0.000000
-180.000000
0.000000
0.380000
17.500000
0.000000
0.000000
0.000000
0.000000
0.000000
0.000000

18
18.200001
-4.316196
1.574120
-17.594780
22.785843
90.000000
1.000000
0.000000
0.000000
5.827562
1.640933
9.015476
0.000000
-9.015480
6.109600
-150.000000
0.000000
8.180495
-0.291721
-23.655342
0.000000
161.261246
180.000000
124.095634
0.000000
0.000000
0.000000
6.640226
0.000000
-21.918894
-360.000000
180.000000
0.000000
20.098820
8.000000
0.000000
0.000000
7.355797
0.000000
-23.186628
0.000000
195.393768
87.804749
83.326439
8.000000
0.000000
0.000000
0.000000
0.000000
26.000000
0.000000
180.000000
0.000000
0.000000
0.000000
0.000000
0.000000
0.000000
-2.952841
0.000000
0.000000
0.000000
0.000000
0.000000
0.000000
0.000000
0.000000
-0.100000
0.380000
17.568230
0.000000
-15.000000
180.000000
0.100000
0.380000
17.411320
0.000000
-15.000000
-180.000000
0.000000
0.380000
17.500000
0.000000
0.000000
0.000000
0.123561
0.050000
0.000000

19
19.000000
-4.316196
1.574120
-17.594780
22.785843
90.000000
1.000000
0.000000
0.000000
5.827562
1.640933
9.015476
0.000000
-9.015480
6.109600
-150.000000
0.000000
8.180495
-0.291721
-23.655342
0.000000
161.261246
180.000000
124.095634
0.000000
0.000000
0.000000
6.640226
0.000000
-21.918894
-360.000000
180.000000
0.000000
20.098820
8.000000
0.000000
0.000000
7.355797
0.000000
-23.186628
0.000000
195.393768
87.804749
83.326439
8.000000
0.000000
0.000000
0.000000
0.000000
26.000000
0.000000
180.000000
0.000000
0.000000
0.000000
0.000000
0.000000
0.000000
-2.952841
0.000000
0.000000
0.000000
0.000000
0.000000
0.000000
0.000000
0.000000
-2.005803
0.380000
39.905464
0.000000
-15.000000
180.000000
2.172303
0.380000
-7.139602
0.000000
-15.000000
-180.000000
0.000000
0.380000
17.500000
0.000000
0.000000
0.000000
0.839403
0.000000
0.000000

20
20.000000
-4.316196
1.574120
-17.594780
22.785843
90.000000
1.000000
0.000000
0.000000
9.275155
0.000000
0.000000
0.000000
0.000000
0.000000
-150.000000
0.000000
8.180495
-0.291721
-23.655342
0.000000
161.261246
180.000000
124.095634
0.000000
0.000000
0.000000
6.640226
0.000000
-21.918894
-360.000000
180.000000
0.000000
20.098820
8.000000
0.000000
0.000000
7.355797
0.000000
-23.186628
0.000000
195.393768
87.804749
83.326439
8.000000
0.000000
0.000000
0.000000
0.000000
26.000000
0.000000
180.000000
0.000000
0.000000
0.000000
0.000000
0.000000
0.000000
-2.952841
0.000000
0.000000
0.000000
0.000000
0.000000
0.000000
0.000000
0.000000
0.000000
-1.000000
0.000000
0.000000
0.000000
0.000000
0.000000
-1.000000
0.000000
0.000000
0.000000
0.000000
0.000000
0.000000
0.000000
0.000000
0.000000
0.000000
0.000000
0.000000
0.000000

21
21.000000
-4.316196
1.574120
-17.594780
22.785843
90.000000
1.000000
0.000000
0.000000
21.840887
0.000000
0.000000
0.000000
0.000000
0.000000
-150.000000
0.000000
8.180495
-0.291721
-23.655342
0.000000
161.261246
180.000000
124.095634
0.000000
0.000000
0.000000
6.640226
0.000000
-21.918894
-360.000000
180.000000
0.000000
20.098820
8.000000
0.000000
0.000000
7.355797
0.000000
-23.186628
0.000000
195.393768
87.804749
83.326439
8.000000
0.000000
0.000000
0.000000
0.000000
26.000000
0.000000
180.000000
0.000000
0.000000
0.000000
0.000000
0.000000
0.000000
-2.952841
0.000000
0.000000
0.000000
0.000000
0.000000
0.000000
0.000000
0.000000
0.000000
-1.000000
0.000000
0.000000
0.000000
0.000000
0.000000
-1.000000
0.000000
0.000000
0.000000
0.000000
0.000000
0.000000
0.000000
0.000000
0.000000
0.000000
0.000000
0.000000
0.000000

22
23.500000
0.000000
1.574120
-26.793190
27.254499
180.000000
1.000000
-2.070166
0.000000
23.323122
0.000000
-38.338142
0.000000
77.725693
0.000000
-150.000000
0.000000
8.180495
-0.291721
-23.655342
0.000000
161.261246
180.000000
124.095634
0.000000
0.000000
0.000000
6.640226
0.000000
-21.918894
-360.000000
180.000000
0.000000
20.098820
8.000000
0.000000
0.000000
7.355797
0.000000
-23.186628
0.000000
195.393768
87.804749
83.326439
8.000000
0.000000
0.000000
0.000000
0.000000
26.000000
0.000000
180.000000
0.000000
15.000000
0.000000
0.000000
0.000000
0.000000
-2.952841
0.000000
0.000000
0.000000
0.000000
0.000000
0.000000
0.000000
0.000000
0.000000
-1.000000
0.000000
0.000000
-15.000000
180.000000
0.000000
-1.000000
0.000000
0.000000
-15.000000
-180.000000
-0.210000
0.100000
25.700001
0.000000
0.000000
0.000000
0.000000
0.000000
0.000000

23
24.000000
0.462926
1.574120
-27.669048
27.254499
180.000000
1.000000
-2.878487
0.000000
25.037205
0.000000
0.000000
0.000000
77.725693
0.000000
-150.000000
0.000000
8.180495
-0.291721
-23.655342
0.000000
161.261246
180.000000
124.095634
0.000000
0.000000
0.000000
6.640226
0.000000
-21.918894
-360.000000
180.000000
0.000000
20.098820
8.000000
0.000000
0.000000
7.355797
0.000000
-23.186628
0.000000
195.393768
87.804749
83.326439
8.000000
0.000000
0.000000
0.000000
0.000000
26.000000
0.000000
180.000000
9.313328
15.000000
0.000000
0.000000
0.000000
0.000000
-2.952841
0.000000
0.000000
0.000000
0.000000
0.000000
0.000000
0.000000
0.000000
0.000000
-1.000000
0.000000
0.000000
-15.000000
180.000000
0.000000
-1.000000
0.000000
0.000000
-15.000000
-180.000000
-0.210987
0.100000
25.700001
0.000000
0.000000
0.000000
0.000000
0.050000
0.000000

24
25.000000
0.462926
1.574120
-27.669048
27.254499
180.000000
1.000000
-2.878487
0.000000
25.037205
0.000000
0.000000
0.000000
77.725693
0.000000
-150.000000
0.000000
8.180495
-0.291721
-23.655342
0.000000
161.261246
180.000000
124.095634
0.000000
0.000000
0.000000
6.640226
0.000000
-21.918894
-360.000000
180.000000
0.000000
20.098820
8.000000
0.000000
0.000000
7.355797
0.000000
-23.186628
0.000000
195.393768
87.804749
83.326439
8.000000
0.000000
0.000000
5.564492
0.794430
26.405273
0.000000
194.568390
64.414009
15.000000
0.000000
0.000000
0.000000
0.000000
-2.952841
0.000000
0.000000
0.000000
0.000000
0.000000
0.000000
0.000000
0.000000
0.000000
-1.000000
0.000000
0.000000
0.000000
0.000000
0.000000
-1.000000
0.000000
0.000000
0.000000
0.000000
-0.210987
0.100000
25.700001
0.000000
0.000000
0.000000
0.717339
0.050000
0.000000

