22

0
0.000000
-3.639490
1.282552
17.758825
11.403480
-360.000000
0.000000
4.500000
0.000000
-12.700000
0.000000
-31.062660
0.000000
12.362620
-9.801654
0.000000
35.104721
8.180495
-0.291721
-23.655342
0.000000
161.261246
180.000000
124.095634
0.000000
0.000000
0.000000
4.175510
0.000000
9.780470
0.000000
0.000000
0.000000
0.000000
0.000000
0.000000
0.000000
7.355797
0.000000
-23.186628
0.000000
195.393768
87.804749
83.326439
8.000000
0.000000
0.000000
0.000000
-2.698096
0.000000
0.000000
0.000000
0.000000
0.000000
0.000000
0.000000
0.000000
0.000000
-2.952841
0.000000
0.000000
0.000000
0.000000
0.000000
0.000000
0.000000
0.000000
3.600000
0.100000
-31.373592
0.000000
0.000000
0.000000
0.000000
-1.880581
0.000000
0.000000
0.000000
0.000000
3.526150
0.100000
-28.456570
0.000000
0.000000
0.000000
0.654719
0.050000
0.000000

1
2.000000
-4.209042
1.311030
8.540926
21.981749
-180.000000
0.000000
4.500000
0.000000
-12.700000
0.000000
-31.062660
0.000000
12.362620
-9.801654
0.000000
35.104721
8.180495
-0.291721
-23.655342
0.000000
161.261246
180.000000
124.095634
0.000000
0.000000
0.000000
4.175508
0.000000
3.273040
0.000000
180.000000
0.000000
0.000000
0.000000
0.000000
0.000000
7.355797
0.000000
-23.186628
0.000000
195.393768
87.804749
83.326439
8.000000
0.000000
0.000000
0.000000
-2.698096
0.000000
0.000000
0.000000
0.000000
0.000000
0.000000
0.000000
0.000000
0.000000
-2.952841
0.000000
0.000000
0.000000
0.000000
0.000000
0.000000
0.000000
0.000000
3.600000
0.100000
-31.373592
0.000000
0.000000
0.000000
0.000000
-1.880581
0.000000
0.000000
0.000000
0.000000
3.526150
0.100000
-28.456570
0.000000
0.000000
0.000000
0.654719
0.000000
0.000000

2
3.000000
-4.209042
1.311030
6.660345
18.778023
-180.000000
0.000000
3.188970
0.000000
-11.905570
0.000000
-31.062660
0.000000
90.839142
8.000000
0.000000
35.104721
8.180495
-0.291721
-23.655342
0.000000
161.261246
180.000000
124.095634
0.000000
0.000000
0.000000
4.175508
0.000000
-8.920680
0.000000
169.421753
0.000000
20.098820
0.000000
0.000000
0.000000
7.355797
0.000000
-23.186628
0.000000
195.393768
87.804749
83.326439
8.000000
0.000000
0.000000
0.000000
-2.698096
0.000000
0.000000
0.000000
0.000000
0.000000
0.000000
0.000000
0.000000
0.000000
-2.952841
0.000000
0.000000
0.000000
0.000000
0.000000
0.000000
0.000000
0.000000
3.600000
0.100000
-31.373592
0.000000
0.000000
0.000000
0.000000
-1.880581
0.000000
0.000000
0.000000
0.000000
3.526150
0.100000
-28.456570
0.000000
0.000000
0.000000
0.654719
0.000000
0.000000

3
3.500000
-4.209042
1.311030
6.660930
15.872148
-180.000000
0.000000
3.188970
0.000000
-11.599262
0.000000
-20.484392
0.000000
86.370476
8.000000
0.000000
35.104721
8.180495
-0.291721
-23.655342
0.000000
161.261246
180.000000
124.095634
0.000000
0.000000
0.000000
4.467924
0.100000
-9.715110
-15.046937
169.421753
0.000000
20.098820
0.000000
0.000000
0.000000
7.355797
0.000000
-23.186628
0.000000
195.393768
87.804749
83.326439
8.000000
0.000000
0.000000
0.000000
-2.698096
0.000000
0.000000
0.000000
0.000000
0.000000
0.000000
0.000000
0.000000
0.000000
-2.952841
0.000000
0.000000
0.000000
0.000000
0.000000
0.000000
0.000000
0.000000
3.600000
0.100000
-31.373592
0.000000
0.000000
0.000000
0.000000
-1.880581
0.000000
0.000000
0.000000
0.000000
3.526150
0.100000
-28.456570
0.000000
0.000000
0.000000
0.654719
0.000000
0.000000

4
7.000000
-2.368183
1.311030
7.747081
14.231215
-141.969467
0.000000
3.188970
0.000000
-11.599262
0.000000
-20.484392
0.000000
96.948738
-15.973892
0.000000
0.000000
8.180495
-0.291721
-23.655342
0.000000
161.261246
180.000000
124.095634
0.000000
0.000000
0.000000
4.467924
0.100000
-10.245601
-57.740120
169.421753
0.000000
20.098820
0.000000
0.000000
0.000000
7.355797
0.000000
-23.186628
0.000000
195.393768
87.804749
83.326439
8.000000
0.000000
0.000000
0.000000
-2.698096
0.000000
0.000000
0.000000
0.000000
0.000000
0.000000
0.000000
0.000000
0.000000
-2.952841
0.000000
0.000000
0.000000
0.000000
0.000000
0.000000
0.000000
0.000000
3.600000
0.100000
-31.373592
0.000000
0.000000
0.000000
0.000000
-1.880581
0.000000
0.000000
0.000000
0.000000
3.526150
0.100000
-28.456570
0.000000
0.000000
0.000000
0.654719
0.000000
0.000000

5
10.000000
-6.254567
1.311030
9.133315
18.264488
135.054688
0.000000
3.188970
0.000000
-11.599262
7.374543
-14.374792
-8.937337
84.729546
-18.047958
0.000000
0.000000
8.180495
-0.291721
-23.655342
0.000000
161.261246
180.000000
124.095634
0.000000
0.000000
0.000000
4.467924
0.616600
-10.245601
-57.740120
169.421753
0.000000
20.098820
0.000000
0.000000
0.000000
7.355797
0.000000
-23.186628
0.000000
195.393768
87.804749
83.326439
8.000000
0.000000
0.000000
0.000000
-2.698096
0.000000
0.000000
0.000000
0.000000
0.000000
0.000000
0.000000
0.000000
0.000000
-2.952841
0.000000
0.000000
0.000000
0.000000
0.000000
0.000000
0.000000
0.000000
3.600000
0.100000
-31.373592
0.000000
0.000000
0.000000
0.000000
-1.880581
0.000000
0.000000
0.000000
0.000000
3.526150
0.100000
-28.456570
0.000000
0.000000
0.000000
0.654719
0.000000
0.000000

6
11.000000
-6.254567
1.311030
9.133315
18.264488
135.054688
0.000000
3.100000
0.000000
-9.996511
7.374543
180.321976
-8.937337
-6.639755
-12.518777
0.000000
0.000000
8.180495
-0.291721
-23.655342
0.000000
161.261246
180.000000
124.095634
0.000000
0.000000
0.000000
4.467924
0.616600
-10.245601
-97.665215
169.421753
0.000000
20.098820
0.000000
0.000000
0.000000
7.355797
0.000000
-23.186628
0.000000
195.393768
87.804749
83.326439
8.000000
0.000000
0.000000
0.000000
-2.698096
0.000000
0.000000
0.000000
0.000000
0.000000
0.000000
0.000000
0.000000
0.000000
-2.952841
0.000000
0.000000
0.000000
0.000000
0.000000
0.000000
0.000000
0.000000
3.600000
0.100000
-31.373592
0.000000
0.000000
0.000000
0.000000
-1.880581
0.000000
0.000000
0.000000
0.000000
3.526150
0.100000
-28.456570
0.000000
0.000000
0.000000
0.654719
0.000000
0.000000

7
11.200000
-6.254567
1.311030
9.133315
18.264488
135.054688
0.000000
3.100000
0.000000
-9.996511
0.000000
243.052475
0.000000
-78.490433
-1.940149
0.000000
0.000000
8.180495
-0.291721
-23.655342
0.000000
161.261246
180.000000
124.095634
0.000000
0.000000
0.000000
4.467924
1.000000
-12.628930
-103.774811
169.421753
0.000000
20.098820
0.000000
0.000000
0.000000
7.355797
0.000000
-23.186628
0.000000
195.393768
87.804749
83.326439
8.000000
0.000000
0.000000
0.000000
-2.698096
0.000000
0.000000
0.000000
0.000000
0.000000
0.000000
0.000000
0.000000
0.000000
-2.952841
0.000000
0.000000
0.000000
0.000000
0.000000
0.000000
0.000000
0.000000
3.600000
0.100000
-31.373592
0.000000
0.000000
0.000000
0.000000
-1.880581
0.000000
0.000000
0.000000
0.000000
6.600000
-0.300000
-21.900000
0.000000
0.000000
0.000000
0.654719
0.000000
0.000000

8
12.500000
-3.972359
1.311030
14.594006
18.264488
6.639827
0.000000
3.100000
0.000000
-9.996511
0.000000
243.052475
0.000000
-78.490433
-1.940149
0.000000
0.000000
8.180495
-0.291721
-23.655342
0.000000
161.261246
180.000000
124.095634
0.000000
0.000000
0.000000
6.640226
0.000000
-21.918894
-360.000000
180.000000
0.000000
20.098820
8.000000
0.000000
0.000000
7.355797
0.000000
-23.186628
0.000000
195.393768
87.804749
83.326439
8.000000
0.000000
0.000000
0.000000
-2.698096
0.000000
0.000000
0.000000
0.000000
0.000000
0.000000
0.000000
0.000000
0.000000
-2.952841
0.000000
0.000000
0.000000
0.000000
0.000000
0.000000
0.000000
0.000000
3.600000
0.100000
-31.373592
0.000000
0.000000
0.000000
0.000000
-1.880581
0.000000
0.000000
0.000000
0.000000
6.600000
0.100000
-21.900000
0.000000
0.000000
0.000000
0.000000
0.100000
0.000000

9
14.000000
-3.972359
1.311030
14.594006
18.264488
6.639827
0.000000
3.100000
0.000000
-9.996511
0.000000
330.064972
0.000000
-8.244171
-1.940149
0.000000
-180.000000
8.180495
-0.291721
-23.655342
0.000000
161.261246
180.000000
124.095634
0.000000
0.000000
0.000000
6.640226
0.000000
-21.918894
-360.000000
180.000000
0.000000
20.098820
8.000000
0.000000
0.000000
7.355797
0.000000
-23.186628
0.000000
195.393768
87.804749
83.326439
8.000000
0.000000
0.000000
0.000000
-2.698096
0.000000
0.000000
0.000000
0.000000
0.000000
0.000000
0.000000
0.000000
0.000000
-2.952841
0.000000
0.000000
0.000000
0.000000
0.000000
0.000000
0.000000
0.000000
3.600000
0.100000
-31.373592
0.000000
0.000000
0.000000
0.000000
-1.880581
0.000000
0.000000
0.000000
0.000000
6.600000
0.100000
-21.900000
0.000000
0.000000
0.000000
1.869030
0.200000
1.000000

10
17.000000
-3.972359
1.507431
12.510529
18.264488
19.645462
0.000000
3.100000
0.000000
-9.996511
0.000000
360.000000
0.000000
25.859642
-1.940149
0.000000
-180.000000
8.180495
-0.291721
-23.655342
0.000000
161.261246
180.000000
124.095634
0.000000
0.000000
0.000000
6.640226
0.000000
-21.918894
-360.000000
180.000000
0.000000
20.098820
8.000000
0.000000
0.000000
7.355797
0.000000
-23.186628
0.000000
195.393768
87.804749
83.326439
8.000000
0.000000
0.000000
0.000000
0.000000
26.000000
0.000000
180.000000
0.000000
15.000000
0.000000
0.000000
0.000000
0.000000
-2.952841
0.000000
0.000000
0.000000
0.000000
0.000000
0.000000
0.000000
0.000000
3.600000
0.100000
-33.894257
0.000000
0.000000
0.000000
3.600000
0.100000
0.000000
0.000000
0.000000
0.000000
6.600000
0.100000
-21.900000
0.000000
0.000000
0.000000
3.147907
0.000000
0.000000

11
18.000000
-3.972359
1.507431
10.281306
16.947826
56.627354
0.000000
3.100000
0.000000
-9.996511
0.000000
360.000000
0.000000
25.859642
-1.940149
0.000000
-180.000000
8.180495
-0.291721
-23.655342
0.000000
161.261246
180.000000
124.095634
0.000000
0.000000
0.000000
6.640226
0.000000
-21.918894
-360.000000
180.000000
0.000000
20.098820
8.000000
0.000000
0.000000
7.355797
0.000000
-23.186628
0.000000
195.393768
87.804749
83.326439
8.000000
0.000000
0.000000
0.000000
0.000000
26.000000
0.000000
180.000000
0.000000
15.000000
0.000000
0.000000
0.000000
0.000000
-2.952841
0.000000
0.000000
0.000000
0.000000
0.000000
0.000000
0.000000
0.000000
3.600000
-1.000000
-33.894257
0.000000
0.000000
0.000000
3.400000
0.100000
-8.805195
0.000000
0.000000
0.000000
6.600000
0.100000
-21.900000
0.000000
0.000000
0.000000
3.147907
0.000000
0.000000

12
18.500000
-3.972359
1.507431
10.281306
16.947826
56.627354
0.000000
3.100000
0.700000
-10.790941
36.739655
360.000000
0.000000
25.859642
-11.149723
0.000000
-180.000000
8.180495
-0.291721
-23.655342
0.000000
161.261246
180.000000
124.095634
0.000000
0.000000
0.000000
6.640226
0.000000
-21.918894
-360.000000
180.000000
0.000000
20.098820
8.000000
0.000000
0.000000
7.355797
0.000000
-23.186628
0.000000
195.393768
87.804749
83.326439
8.000000
0.000000
0.000000
0.000000
0.000000
26.000000
0.000000
180.000000
0.000000
15.000000
0.000000
0.000000
0.000000
0.000000
-2.952841
0.000000
0.000000
0.000000
0.000000
0.000000
0.000000
0.000000
0.000000
0.000000
-1.386150
0.000000
0.000000
0.000000
0.000000
3.400000
0.100000
-10.000000
47.832840
0.000000
0.000000
0.000000
0.000000
0.000000
0.000000
0.000000
0.000000
0.000000
0.000000
0.000000

13
19.000000
-2.408696
1.507431
14.582849
34.598721
40.957905
0.000000
1.458189
0.250243
-11.000000
24.520451
360.000000
0.000000
25.859642
-11.149723
0.000000
-180.000000
8.180495
-0.291721
-23.655342
0.000000
161.261246
180.000000
124.095634
0.000000
0.000000
0.000000
6.640226
0.000000
-21.918894
-360.000000
180.000000
0.000000
20.098820
8.000000
0.000000
0.000000
7.355797
0.000000
-23.186628
0.000000
195.393768
87.804749
83.326439
8.000000
0.000000
0.000000
0.000000
0.000000
26.000000
0.000000
180.000000
0.000000
15.000000
0.000000
0.000000
0.000000
0.000000
-2.952841
0.000000
0.000000
0.000000
0.000000
0.000000
0.000000
0.000000
0.000000
0.000000
-1.000000
0.000000
0.000000
0.000000
0.000000
3.400000
5.657387
-15.243514
47.832840
0.000000
0.000000
0.000000
0.000000
0.000000
0.000000
0.000000
0.000000
0.000000
0.000000
0.000000

14
20.000000
1.734660
2.301861
30.075623
28.895443
15.959519
0.000000
-2.819573
1.097624
-27.715710
24.520451
281.028870
0.000000
127.302956
8.000000
0.000000
-180.000000
8.180495
-0.291721
-23.655342
0.000000
161.261246
180.000000
124.095634
0.000000
0.000000
0.000000
6.640226
0.000000
-21.918894
-360.000000
180.000000
0.000000
20.098820
8.000000
0.000000
0.000000
7.355797
0.000000
-23.186628
0.000000
195.393768
87.804749
83.326439
8.000000
0.000000
0.000000
0.000000
0.000000
26.000000
0.000000
180.000000
0.000000
15.000000
0.000000
0.000000
0.000000
0.000000
-2.952841
0.000000
0.000000
0.000000
0.000000
0.000000
0.000000
0.000000
0.000000
0.000000
-0.300000
0.000000
0.000000
0.000000
0.000000
3.400000
5.657387
-15.243514
47.832840
0.000000
0.000000
0.000000
0.000000
0.000000
0.000000
0.000000
0.000000
0.000000
0.000000
0.000000

15
20.500000
1.734660
2.301861
30.075623
42.431305
20.428188
0.000000
-2.819573
1.097624
-27.715710
24.520451
281.028870
28.907072
127.302956
8.000000
0.000000
-180.000000
8.180495
-0.291721
-23.655342
0.000000
161.261246
180.000000
124.095634
0.000000
0.000000
0.000000
6.640226
0.000000
-21.918894
-360.000000
180.000000
0.000000
20.098820
8.000000
0.000000
0.000000
7.355797
0.000000
-23.186628
0.000000
195.393768
87.804749
83.326439
8.000000
0.000000
0.000000
0.000000
0.000000
26.000000
0.000000
180.000000
0.000000
15.000000
0.000000
0.000000
0.000000
0.000000
-2.952841
0.000000
0.000000
0.000000
0.000000
0.000000
0.000000
0.000000
0.000000
0.000000
-0.300000
0.000000
0.000000
0.000000
0.000000
3.400000
5.657387
-15.243514
47.832840
0.000000
0.000000
0.000000
0.000000
0.000000
0.000000
0.000000
0.000000
0.000000
0.000000
0.000000

16
21.500000
1.734660
2.301861
30.075623
42.431305
20.428188
0.000000
-2.819573
0.200000
-27.940590
10.578270
299.357727
-3.445960
127.302956
8.000000
0.000000
-180.000000
8.180495
-0.291721
-23.655342
0.000000
161.261246
180.000000
124.095634
0.000000
0.000000
0.000000
6.640226
0.000000
-21.918894
-360.000000
180.000000
0.000000
20.098820
8.000000
0.000000
0.000000
7.355797
0.000000
-23.186628
0.000000
195.393768
87.804749
83.326439
8.000000
0.000000
0.000000
0.000000
0.000000
26.000000
0.000000
180.000000
0.000000
15.000000
0.000000
0.000000
0.000000
0.000000
-2.952841
0.000000
0.000000
0.000000
0.000000
0.000000
0.000000
0.000000
0.000000
0.000000
-0.300000
0.000000
0.000000
0.000000
0.000000
3.400000
5.657387
-15.243514
47.832840
0.000000
0.000000
0.000000
0.000000
0.000000
0.000000
0.000000
0.000000
0.000000
0.000000
0.000000

17
22.000000
2.616861
1.507431
30.075623
28.895443
11.490851
0.000000
-2.819570
0.000000
-26.629560
0.000000
0.000000
0.000000
127.302956
8.000000
0.000000
-180.000000
8.180495
-0.291721
-23.655342
0.000000
161.261246
180.000000
124.095634
0.000000
0.000000
0.000000
6.640226
0.000000
-21.918894
-360.000000
180.000000
0.000000
20.098820
8.000000
0.000000
0.000000
7.355797
0.000000
-23.186628
0.000000
195.393768
87.804749
83.326439
8.000000
0.000000
0.000000
0.000000
0.000000
26.000000
0.000000
180.000000
0.000000
15.000000
0.000000
0.000000
0.000000
0.000000
-2.952841
0.000000
0.000000
0.000000
0.000000
0.000000
0.000000
0.000000
0.000000
0.000000
-0.300000
0.000000
0.000000
0.000000
0.000000
3.400000
5.657387
-15.243514
47.832840
0.000000
0.000000
0.000000
0.000000
0.000000
0.000000
0.000000
0.000000
0.000000
0.000000
0.000000

18
23.500000
4.301041
1.928710
30.089514
21.062862
-17.091946
0.000000
-2.819570
0.000000
-26.629560
0.000000
0.000000
0.000000
110.879028
8.000000
0.000000
-180.000000
8.180495
-0.291721
-23.655342
0.000000
161.261246
180.000000
124.095634
0.000000
0.000000
0.000000
6.640226
0.000000
-21.918894
-360.000000
180.000000
0.000000
20.098820
8.000000
0.000000
0.000000
7.355797
0.000000
-23.186628
0.000000
195.393768
87.804749
83.326439
8.000000
0.000000
0.000000
0.000000
0.000000
26.000000
0.000000
180.000000
0.000000
15.000000
0.000000
0.000000
0.000000
0.000000
-2.952841
0.000000
0.000000
0.000000
0.000000
0.000000
0.000000
0.000000
0.000000
0.000000
-0.300000
0.000000
0.000000
0.000000
0.000000
3.400000
5.657387
-15.243514
47.832840
0.000000
0.000000
0.000000
0.000000
0.000000
0.000000
0.000000
0.000000
0.000000
0.000000
0.000000

19
23.750000
4.301041
1.928710
30.089514
21.062862
-17.091946
0.000000
-2.819570
0.000000
-26.629560
0.000000
0.000000
0.000000
-12.206240
8.000000
0.000000
-180.000000
8.180495
-0.291721
-23.655342
0.000000
161.261246
180.000000
124.095634
0.000000
0.000000
0.000000
6.640226
0.000000
-21.918894
-360.000000
180.000000
0.000000
20.098820
8.000000
0.000000
0.000000
7.355797
0.000000
-23.186628
0.000000
195.393768
87.804749
83.326439
8.000000
0.000000
0.000000
0.000000
0.000000
26.000000
0.000000
180.000000
0.000000
15.000000
0.000000
0.000000
0.000000
0.000000
-2.952841
0.000000
0.000000
0.000000
0.000000
0.000000
0.000000
0.000000
0.000000
0.000000
-0.300000
0.000000
0.000000
0.000000
0.000000
3.400000
5.657387
-15.243514
47.832840
0.000000
0.000000
0.000000
0.000000
0.000000
0.000000
0.000000
0.000000
0.000000
0.000000
0.000000

20
24.000000
4.301041
1.928710
30.089514
21.062862
-17.091946
0.000000
-2.819570
0.000000
-26.629560
0.000000
0.000000
0.000000
48.484474
8.000000
0.000000
-180.000000
8.180495
-0.291721
-23.655342
0.000000
161.261246
180.000000
124.095634
0.000000
0.000000
0.000000
6.640226
0.000000
-21.918894
-360.000000
180.000000
0.000000
20.098820
8.000000
0.000000
0.000000
7.355797
0.000000
-23.186628
0.000000
195.393768
87.804749
83.326439
8.000000
0.000000
0.000000
0.000000
0.000000
26.000000
0.000000
180.000000
0.000000
15.000000
0.000000
0.000000
0.000000
0.000000
-2.952841
0.000000
0.000000
0.000000
0.000000
0.000000
0.000000
0.000000
0.000000
0.000000
-0.300000
0.000000
0.000000
0.000000
0.000000
3.400000
5.657387
-15.243514
47.832840
0.000000
0.000000
0.000000
0.000000
0.000000
0.000000
0.000000
0.000000
0.000000
0.000000
0.000000

21
24.250000
4.301041
1.928710
30.089514
21.062862
-17.091946
0.000000
-2.819570
0.000000
-26.629560
0.000000
0.000000
0.000000
-23.968800
8.000000
0.000000
-180.000000
8.180495
-0.291721
-23.655342
0.000000
161.261246
180.000000
124.095634
0.000000
0.000000
0.000000
6.640226
0.000000
-21.918894
-360.000000
180.000000
0.000000
20.098820
8.000000
0.000000
0.000000
7.355797
0.000000
-23.186628
0.000000
195.393768
87.804749
83.326439
8.000000
0.000000
0.000000
0.000000
0.000000
26.000000
0.000000
180.000000
0.000000
15.000000
0.000000
0.000000
0.000000
0.000000
-2.952841
0.000000
0.000000
0.000000
0.000000
0.000000
0.000000
0.000000
0.000000
0.000000
-0.300000
0.000000
0.000000
0.000000
0.000000
3.400000
5.657387
-15.243514
47.832840
0.000000
0.000000
0.000000
0.000000
0.000000
0.000000
0.000000
0.000000
0.000000
0.000000
0.000000

22
25.000000
4.301041
1.928710
30.089514
21.062862
-17.091946
0.000000
-2.819570
0.000000
-26.629560
0.000000
0.000000
0.000000
0.000000
0.000000
0.000000
-180.000000
8.180495
-0.291721
-23.655342
0.000000
161.261246
180.000000
124.095634
0.000000
0.000000
0.000000
6.640226
0.000000
-21.918894
-360.000000
180.000000
0.000000
20.098820
8.000000
0.000000
0.000000
7.355797
0.000000
-23.186628
0.000000
195.393768
87.804749
83.326439
8.000000
0.000000
0.000000
0.000000
0.000000
26.000000
0.000000
180.000000
0.000000
15.000000
0.000000
0.000000
0.000000
0.000000
-2.952841
0.000000
0.000000
0.000000
0.000000
0.000000
0.000000
0.000000
0.000000
0.000000
-0.300000
0.000000
0.000000
0.000000
0.000000
3.400000
5.657387
-15.243514
47.832840
0.000000
0.000000
0.000000
0.000000
0.000000
0.000000
0.000000
0.000000
0.000000
0.000000
0.000000

