23

0
0.000000
50.952774
-20.176054
-41.439709
38.644005
46.270416
0.000000
0.000000
0.000000
-27.995197
0.000000
0.000000
0.000000
0.000000
0.000000
0.000000
0.000000
0.000000
0.000000
25.000000
0.000000
180.000000
0.000000
0.000000
0.000000
0.000000
0.000000
0.000000
0.000000
25.000000
0.000000
180.000000
0.000000
0.000000
0.000000
0.000000
0.000000
0.000000
0.000000
25.000000
0.000000
180.000000
0.000000
0.000000
0.000000
0.000000
0.000000
0.000000
-2.698096
0.000000
0.000000
0.000000
0.000000
0.000000
0.000000
0.000000
0.000000
0.000000
-2.952841
0.000000
0.000000
0.000000
0.000000
0.000000
0.000000
0.000000
0.000000
0.000000
-2.486972
0.000000
0.000000
0.000000
0.000000
0.000000
-0.794430
0.000000
0.000000
0.000000
0.000000
0.000000
-2.172303
-1.164349
0.000000
0.000000
0.000000
0.000000
0.050000
0.000000

1
3.000000
17.063553
-20.656744
36.936848
38.644005
153.643555
0.000000
0.000000
0.000000
-27.995197
0.000000
0.000000
0.000000
0.000000
0.000000
0.000000
0.000000
0.000000
0.000000
25.000000
0.000000
180.000000
0.000000
0.000000
0.000000
0.000000
0.000000
0.000000
0.000000
25.000000
0.000000
180.000000
0.000000
0.000000
0.000000
0.000000
0.000000
0.000000
0.000000
25.000000
0.000000
180.000000
0.000000
0.000000
0.000000
0.000000
0.000000
0.000000
-2.698096
0.000000
0.000000
0.000000
0.000000
0.000000
0.000000
0.000000
0.000000
0.000000
-2.952841
0.000000
0.000000
0.000000
0.000000
0.000000
0.000000
0.000000
0.000000
0.000000
-2.486972
0.000000
0.000000
0.000000
0.000000
0.000000
-0.794430
0.000000
0.000000
0.000000
0.000000
0.000000
-2.172303
-1.164349
0.000000
0.000000
0.000000
0.000000
0.050000
0.000000

2
3.000000
-27.588062
-20.656744
40.429367
38.644005
215.816849
0.000000
0.000000
0.000000
-27.995197
0.000000
0.000000
0.000000
0.000000
0.000000
0.000000
0.000000
0.000000
0.000000
25.000000
0.000000
180.000000
0.000000
0.000000
0.000000
0.000000
0.000000
0.000000
0.000000
25.000000
0.000000
180.000000
0.000000
0.000000
0.000000
0.000000
0.000000
0.000000
0.000000
25.000000
0.000000
180.000000
0.000000
0.000000
0.000000
0.000000
0.000000
0.000000
-2.698096
0.000000
0.000000
0.000000
0.000000
0.000000
0.000000
0.000000
0.000000
0.000000
-2.952841
0.000000
0.000000
0.000000
0.000000
0.000000
0.000000
0.000000
0.000000
0.000000
-2.486972
0.000000
0.000000
0.000000
0.000000
0.000000
-0.794430
0.000000
0.000000
0.000000
0.000000
0.000000
-2.172303
-1.164349
0.000000
0.000000
0.000000
0.000000
0.050000
0.000000

3
6.000000
-31.386898
-22.778381
-41.166653
38.644005
316.120148
0.000000
0.000000
0.000000
-27.995197
0.000000
0.000000
0.000000
0.000000
0.000000
0.000000
0.000000
0.000000
0.000000
25.000000
0.000000
180.000000
0.000000
0.000000
0.000000
0.000000
0.000000
0.000000
0.000000
25.000000
0.000000
180.000000
0.000000
0.000000
0.000000
0.000000
0.000000
0.000000
0.000000
25.000000
0.000000
180.000000
0.000000
0.000000
0.000000
0.000000
0.000000
0.000000
-2.698096
0.000000
0.000000
0.000000
0.000000
0.000000
0.000000
0.000000
0.000000
0.000000
-2.952841
0.000000
0.000000
0.000000
0.000000
0.000000
0.000000
0.000000
0.000000
0.000000
-2.486972
0.000000
0.000000
0.000000
0.000000
0.000000
-0.794430
0.000000
0.000000
0.000000
0.000000
0.000000
-2.172303
-1.164349
0.000000
0.000000
0.000000
0.000000
0.050000
0.000000

4
8.000000
0.000000
-6.515455
12.144056
0.000000
0.000000
0.000000
0.000000
0.000000
-27.995197
0.000000
0.000000
0.000000
0.000000
0.000000
0.000000
0.000000
0.000000
0.000000
25.000000
0.000000
180.000000
0.000000
0.000000
0.000000
0.000000
0.000000
0.000000
0.000000
25.000000
0.000000
180.000000
0.000000
0.000000
0.000000
0.000000
0.000000
0.000000
0.000000
25.000000
0.000000
180.000000
0.000000
0.000000
0.000000
0.000000
0.000000
0.000000
-2.698096
0.000000
0.000000
0.000000
0.000000
0.000000
0.000000
0.000000
0.000000
0.000000
-2.952841
0.000000
0.000000
0.000000
0.000000
0.000000
0.000000
0.000000
0.000000
0.000000
-2.486972
0.000000
0.000000
0.000000
0.000000
0.000000
-0.794430
0.000000
0.000000
0.000000
0.000000
0.000000
-2.172303
-1.164349
0.000000
0.000000
0.000000
0.000000
0.050000
0.000000

5
12.000000
0.000000
0.000000
27.769228
0.000000
0.000000
0.000000
0.000000
0.000000
-27.995197
0.000000
0.000000
0.000000
-37.784729
0.000000
0.000000
0.000000
0.000000
0.000000
25.000000
0.000000
180.000000
0.000000
0.000000
0.000000
0.000000
0.000000
0.000000
0.000000
25.000000
0.000000
180.000000
0.000000
0.000000
0.000000
0.000000
0.000000
0.000000
0.000000
25.000000
0.000000
180.000000
0.000000
0.000000
0.000000
0.000000
0.000000
0.000000
-2.698096
0.000000
0.000000
0.000000
0.000000
0.000000
0.000000
0.000000
0.000000
0.000000
-2.952841
0.000000
0.000000
0.000000
0.000000
0.000000
0.000000
0.000000
0.000000
0.000000
-2.486972
0.000000
0.000000
0.000000
0.000000
0.000000
-0.794430
0.000000
0.000000
0.000000
0.000000
0.000000
-2.172303
-1.164349
0.000000
0.000000
0.000000
0.000000
0.050000
0.000000

6
12.000000
0.000000
0.000000
27.000000
0.000000
0.000000
0.000000
0.000000
0.000000
-27.995197
0.000000
0.000000
0.000000
-37.784729
0.000000
0.000000
0.000000
0.000000
0.000000
25.000000
0.000000
180.000000
0.000000
0.000000
0.000000
0.000000
0.000000
0.000000
0.000000
25.000000
0.000000
180.000000
0.000000
0.000000
0.000000
0.000000
0.000000
0.000000
0.000000
25.000000
0.000000
180.000000
0.000000
0.000000
0.000000
0.000000
0.000000
0.000000
-2.698096
0.000000
0.000000
0.000000
0.000000
0.000000
0.000000
0.000000
0.000000
0.000000
-2.952841
0.000000
0.000000
0.000000
0.000000
0.000000
0.000000
0.000000
0.000000
0.000000
0.000000
0.276644
0.000000
0.000000
0.000000
0.000000
-2.051786
0.000000
0.000000
0.000000
0.000000
0.000000
0.000000
-27.163374
0.000000
0.000000
0.000000
0.000000
0.050000
0.000000

7
13.000000
0.000000
0.000000
32.709316
0.000000
0.000000
0.000000
0.000000
0.000000
-27.995197
0.000000
0.000000
0.000000
-37.784729
0.000000
0.000000
0.000000
0.000000
0.000000
25.000000
0.000000
180.000000
0.000000
0.000000
0.000000
0.000000
0.000000
0.000000
0.000000
25.000000
0.000000
180.000000
0.000000
0.000000
0.000000
0.000000
0.000000
0.000000
0.000000
25.000000
0.000000
180.000000
0.000000
0.000000
0.000000
0.000000
0.000000
0.000000
-2.698096
0.000000
0.000000
0.000000
0.000000
0.000000
0.000000
0.000000
0.000000
0.000000
-2.952841
0.000000
0.000000
0.000000
0.000000
0.000000
0.000000
0.000000
0.000000
0.000000
0.100000
-26.297607
0.000000
0.000000
0.000000
0.000000
-2.051786
0.000000
0.000000
0.000000
0.000000
0.000000
0.000000
-27.163374
0.000000
0.000000
0.000000
0.000000
0.050000
0.000000

8
13.000000
0.000000
0.000000
32.709316
0.000000
0.000000
0.000000
0.000000
0.000000
-27.995197
0.000000
0.000000
0.000000
-37.784729
0.000000
0.000000
0.000000
0.000000
0.000000
25.000000
0.000000
180.000000
0.000000
0.000000
0.000000
0.000000
0.000000
0.000000
0.000000
25.000000
0.000000
180.000000
0.000000
0.000000
0.000000
0.000000
0.000000
0.000000
0.000000
25.000000
0.000000
180.000000
0.000000
0.000000
0.000000
0.000000
0.000000
0.000000
-2.698096
0.000000
0.000000
0.000000
0.000000
0.000000
0.000000
0.000000
0.000000
0.000000
-2.952841
0.000000
0.000000
0.000000
0.000000
0.000000
0.000000
0.000000
0.000000
0.000000
0.100000
-27.092039
18.328804
-41.518578
23.583893
0.000000
-2.051786
0.000000
0.000000
0.000000
0.000000
0.000000
0.100000
-26.660664
0.000000
0.000000
0.000000
0.000000
0.018344
0.000000

9
13.500000
0.000000
0.000000
32.709316
0.000000
0.000000
0.000000
0.000000
0.000000
-27.995197
0.000000
0.000000
0.000000
-37.784729
0.000000
0.000000
0.000000
0.000000
0.000000
25.000000
0.000000
180.000000
0.000000
0.000000
0.000000
0.000000
0.000000
0.000000
0.000000
25.000000
0.000000
180.000000
0.000000
0.000000
0.000000
0.000000
0.000000
0.000000
0.000000
25.000000
0.000000
180.000000
0.000000
0.000000
0.000000
0.000000
0.000000
0.000000
-2.698096
0.000000
0.000000
0.000000
0.000000
0.000000
0.000000
0.000000
0.000000
0.000000
-2.952841
0.000000
0.000000
0.000000
0.000000
0.000000
0.000000
0.000000
0.000000
3.258454
2.841854
-27.465187
18.328804
-41.518578
23.583893
0.000000
-2.051786
0.000000
0.000000
0.000000
0.000000
0.000000
0.100000
-26.660664
0.000000
0.000000
0.000000
0.252396
0.018344
0.000000

10
13.700000
0.000000
0.000000
32.709316
0.000000
0.000000
0.000000
0.000000
0.000000
-27.995197
0.000000
0.000000
0.000000
-30.034191
0.000000
0.000000
0.000000
0.000000
0.000000
25.000000
0.000000
180.000000
0.000000
0.000000
0.000000
0.000000
0.000000
0.000000
0.000000
25.000000
0.000000
180.000000
0.000000
0.000000
0.000000
0.000000
0.000000
0.000000
0.000000
25.000000
0.000000
180.000000
0.000000
0.000000
0.000000
0.000000
0.000000
0.000000
-2.698096
0.000000
0.000000
0.000000
0.000000
0.000000
0.000000
0.000000
0.000000
0.000000
-2.952841
0.000000
0.000000
0.000000
0.000000
0.000000
0.000000
0.000000
0.000000
3.258454
-3.110906
-27.465187
18.328804
-41.518578
23.583893
0.000000
-2.051786
0.000000
0.000000
0.000000
0.000000
0.000000
0.100000
-26.660664
0.000000
0.000000
0.000000
0.252396
0.000000
0.000000

11
15.000000
0.000000
0.000000
27.502708
0.000000
0.000000
0.000000
0.000000
0.000000
-27.995197
0.000000
0.000000
0.000000
0.000000
0.000000
0.000000
0.000000
0.000000
0.000000
25.000000
0.000000
180.000000
0.000000
0.000000
0.000000
0.000000
0.000000
0.000000
0.000000
25.000000
0.000000
180.000000
0.000000
0.000000
0.000000
0.000000
0.000000
0.000000
0.000000
25.000000
0.000000
180.000000
0.000000
0.000000
0.000000
0.000000
0.000000
0.000000
-2.698096
0.000000
0.000000
0.000000
0.000000
0.000000
0.000000
0.000000
0.000000
0.000000
-2.952841
0.000000
0.000000
0.000000
0.000000
0.000000
0.000000
0.000000
0.000000
3.258454
-3.110906
-27.465187
18.328804
-41.518578
23.583893
0.000000
-2.051786
0.000000
0.000000
0.000000
0.000000
0.000000
0.100000
-26.660664
0.000000
0.000000
0.000000
0.252396
0.000000
0.000000

12
18.000000
0.000000
-0.291721
-1.546343
13.942183
86.729538
0.000000
0.000000
0.000000
-27.995197
0.000000
0.000000
0.000000
0.000000
0.000000
0.000000
0.000000
0.000000
0.000000
25.000000
0.000000
180.000000
0.000000
0.000000
0.000000
0.000000
0.000000
0.000000
0.000000
25.000000
0.000000
180.000000
0.000000
0.000000
0.000000
0.000000
0.000000
0.000000
0.000000
25.000000
0.000000
180.000000
0.000000
0.000000
0.000000
0.000000
0.000000
0.000000
-2.698096
0.000000
0.000000
0.000000
0.000000
0.000000
0.000000
0.000000
0.000000
0.000000
-2.952841
0.000000
0.000000
0.000000
0.000000
0.000000
0.000000
0.000000
0.000000
3.258454
-3.110906
-27.465187
18.328804
-41.518578
23.583893
0.000000
-2.051786
0.000000
0.000000
0.000000
0.000000
0.000000
0.100000
-26.660664
0.000000
0.000000
0.000000
0.252396
0.000000
0.000000

13
19.000000
0.000000
-1.086151
-23.693075
0.000000
180.000000
0.000000
0.000000
0.000000
-27.995197
0.000000
0.000000
0.000000
0.000000
0.000000
0.000000
0.000000
0.000000
0.000000
25.000000
0.000000
180.000000
0.000000
0.000000
0.000000
0.000000
0.000000
0.000000
0.000000
25.000000
0.000000
180.000000
0.000000
0.000000
0.000000
0.000000
0.000000
0.000000
0.000000
25.000000
0.000000
180.000000
0.000000
0.000000
0.000000
0.000000
0.000000
0.000000
-2.698096
0.000000
0.000000
0.000000
0.000000
0.000000
0.000000
0.000000
0.000000
0.000000
-2.952841
0.000000
0.000000
0.000000
0.000000
0.000000
0.000000
0.000000
0.000000
3.258454
-3.110906
-27.465187
18.328804
-41.518578
23.583893
0.000000
-2.051786
0.000000
0.000000
0.000000
0.000000
0.000000
0.100000
-26.660664
0.000000
0.000000
0.000000
0.252396
0.000000
0.000000

14
20.000000
0.000000
0.000000
-28.644075
0.000000
180.000000
0.000000
0.000000
0.000000
-27.995197
0.000000
0.000000
0.000000
0.000000
0.000000
0.000000
0.000000
0.000000
0.000000
25.000000
0.000000
180.000000
0.000000
0.000000
0.000000
0.000000
0.000000
0.000000
0.000000
25.000000
0.000000
180.000000
0.000000
0.000000
0.000000
0.000000
0.000000
0.000000
0.000000
25.000000
0.000000
180.000000
0.000000
0.000000
0.000000
0.000000
0.000000
0.000000
-2.698096
0.000000
0.000000
0.000000
0.000000
0.000000
0.000000
0.000000
0.000000
0.000000
-2.952841
0.000000
0.000000
0.000000
0.000000
0.000000
0.000000
0.000000
0.000000
3.258454
-3.110906
-27.465187
18.328804
-41.518578
23.583893
0.000000
-2.051786
0.000000
0.000000
0.000000
0.000000
0.000000
0.100000
-26.660664
0.000000
0.000000
0.000000
0.252396
0.000000
0.000000

15
21.000000
0.000000
-0.583443
-21.605392
0.000000
180.000000
0.000000
0.000000
0.000000
-27.995197
0.000000
0.000000
0.000000
0.000000
0.000000
0.000000
0.000000
0.000000
0.000000
17.582535
0.000000
180.000000
0.000000
0.000000
0.000000
180.000000
180.000000
0.000000
0.000000
25.000000
0.000000
180.000000
0.000000
0.000000
0.000000
0.000000
0.000000
0.000000
0.000000
25.000000
0.000000
180.000000
0.000000
0.000000
0.000000
0.000000
0.000000
0.000000
-2.698096
0.000000
0.000000
0.000000
0.000000
0.000000
0.000000
0.000000
0.000000
0.000000
-2.952841
0.000000
0.000000
0.000000
0.000000
0.000000
0.000000
0.000000
0.000000
0.000000
-2.508512
0.000000
0.000000
0.000000
0.000000
0.000000
-2.051786
0.000000
0.000000
0.000000
0.000000
0.000000
-2.172303
0.000000
0.000000
0.000000
0.000000
0.252396
0.000000
0.000000

16
21.500000
0.000000
-0.583443
-19.141365
0.000000
180.000000
0.000000
0.000000
0.000000
-27.995197
0.000000
0.000000
0.000000
0.000000
0.000000
0.000000
0.000000
0.000000
0.000000
15.410230
0.000000
180.000000
0.000000
0.000000
0.000000
360.000000
360.000000
-2.500000
0.000000
21.000000
0.000000
200.000000
0.000000
0.000000
0.000000
180.000000
180.000000
2.500000
0.000000
21.000000
0.000000
160.000000
0.000000
0.000000
0.000000
180.000000
180.000000
0.000000
-2.698096
0.000000
0.000000
0.000000
0.000000
0.000000
0.000000
0.000000
0.000000
0.000000
-2.952841
0.000000
0.000000
0.000000
0.000000
0.000000
0.000000
0.000000
0.000000
0.000000
-2.508512
13.000000
0.000000
0.000000
0.000000
0.000000
-2.051786
0.000000
0.000000
0.000000
0.000000
0.000000
-2.172303
0.000000
0.000000
0.000000
0.000000
0.252396
0.000000
0.000000

17
22.000000
0.000000
-1.669594
-9.520520
24.805573
180.000000
0.000000
0.000000
0.000000
-27.995197
0.000000
0.000000
0.000000
0.000000
0.000000
0.000000
0.000000
0.000000
0.000000
12.639898
0.000000
180.000000
0.000000
0.000000
0.000000
360.000000
360.000000
-2.500000
0.000000
13.538324
0.000000
180.000000
0.000000
0.000000
0.000000
180.000000
180.000000
2.500000
0.000000
13.389903
0.000000
180.000000
0.000000
0.000000
0.000000
180.000000
180.000000
0.000000
-2.698096
0.000000
0.000000
0.000000
0.000000
0.000000
0.000000
0.000000
0.000000
0.000000
-2.952841
0.000000
0.000000
0.000000
0.000000
0.000000
0.000000
0.000000
0.000000
0.000000
0.300000
13.000000
0.000000
0.000000
0.000000
0.000000
-2.051786
0.000000
0.000000
0.000000
0.000000
0.000000
-2.172303
0.000000
0.000000
0.000000
0.000000
0.252396
0.000000
0.000000

18
23.000000
0.000000
-1.669594
-9.520520
24.805573
180.000000
0.000000
0.000000
0.000000
-27.995197
0.000000
0.000000
0.000000
0.000000
0.000000
0.000000
0.000000
0.000000
0.000000
9.673166
0.000000
180.000000
0.000000
0.000000
0.000000
360.000000
360.000000
-2.500000
0.000000
6.000000
0.000000
180.000000
0.000000
0.000000
0.000000
360.000000
360.000000
2.500000
0.000000
6.000000
0.000000
180.000000
0.000000
0.000000
0.000000
360.000000
360.000000
0.000000
-2.698096
0.000000
0.000000
0.000000
0.000000
0.000000
0.000000
0.000000
0.000000
0.000000
-2.952841
0.000000
0.000000
0.000000
0.000000
0.000000
0.000000
0.000000
0.000000
0.000000
0.300000
4.826627
0.000000
0.000000
0.000000
0.000000
-2.051786
0.000000
0.000000
0.000000
0.000000
0.000000
-2.172303
0.000000
0.000000
0.000000
0.000000
0.000000
0.050000
0.000000

19
23.500000
0.000000
-1.669594
12.468644
24.805573
0.000000
0.000000
0.000000
0.000000
-17.151941
0.000000
0.000000
0.000000
0.000000
0.000000
0.000000
0.000000
0.000000
0.000000
5.000000
0.000000
180.000000
0.000000
0.000000
0.000000
0.000000
0.000000
-2.500000
0.000000
5.000000
0.000000
180.000000
0.000000
0.000000
0.000000
0.000000
0.000000
2.500000
0.000000
5.000000
0.000000
180.000000
0.000000
0.000000
0.000000
0.000000
0.000000
0.000000
-2.698096
0.000000
0.000000
0.000000
0.000000
0.000000
0.000000
0.000000
0.000000
0.000000
-2.952841
0.000000
0.000000
0.000000
0.000000
0.000000
0.000000
0.000000
0.000000
0.000000
0.300000
-11.806284
0.000000
0.000000
0.000000
0.000000
-2.051786
0.000000
0.000000
0.000000
0.000000
0.000000
-2.172303
0.000000
0.000000
0.000000
0.000000
0.000000
0.050000
0.000000

20
25.000000
0.000000
2.076982
17.899403
24.805573
0.000000
0.000000
-1.588860
0.000000
-16.065788
0.000000
-24.248943
6.109601
27.884361
0.000000
0.000000
0.000000
0.000000
0.000000
5.000000
0.000000
180.000000
0.000000
0.000000
0.000000
0.000000
0.000000
-2.500000
0.000000
5.000000
0.000000
180.000000
0.000000
0.000000
0.000000
0.000000
0.000000
2.500000
0.000000
5.000000
0.000000
180.000000
0.000000
0.000000
0.000000
0.000000
0.000000
0.000000
-2.698096
0.000000
0.000000
0.000000
0.000000
0.000000
0.000000
0.000000
0.000000
0.000000
-2.952841
0.000000
0.000000
0.000000
0.000000
0.000000
0.000000
0.000000
0.000000
0.000000
0.300000
-13.184156
0.000000
0.000000
0.000000
0.000000
-2.051786
0.000000
0.000000
0.000000
0.000000
0.000000
-2.172303
0.000000
0.000000
0.000000
0.000000
0.000000
0.050000
0.000000

21
27.000000
3.085001
2.076982
16.813248
24.805573
-40.738419
0.000000
-0.277830
0.000000
-13.390778
0.000000
8.190465
8.937335
-34.595169
-5.330029
0.000000
0.000000
0.000000
0.000000
5.000000
0.000000
180.000000
0.000000
0.000000
0.000000
0.000000
0.000000
-2.500000
0.000000
5.000000
0.000000
180.000000
0.000000
0.000000
0.000000
0.000000
0.000000
2.500000
0.000000
5.000000
0.000000
180.000000
0.000000
0.000000
0.000000
0.000000
0.000000
0.000000
-2.698096
0.000000
0.000000
0.000000
0.000000
0.000000
0.000000
0.000000
0.000000
0.000000
-2.952841
0.000000
0.000000
0.000000
0.000000
0.000000
0.000000
0.000000
0.000000
0.000000
0.300000
-15.662766
0.000000
0.000000
345.719055
0.000000
-2.051786
0.000000
0.000000
0.000000
0.000000
0.000000
-2.172303
0.000000
0.000000
0.000000
0.000000
0.000000
0.050000
0.000000

22
30.000000
3.085001
2.076982
16.813248
24.805573
-40.738419
0.000000
-0.277830
0.000000
-13.390778
0.000000
8.190465
8.937335
-34.595169
-5.330029
0.000000
0.000000
0.000000
0.000000
5.000000
0.000000
180.000000
0.000000
0.000000
0.000000
0.000000
0.000000
-2.500000
0.000000
5.000000
0.000000
180.000000
0.000000
0.000000
0.000000
0.000000
0.000000
2.500000
0.000000
5.000000
0.000000
180.000000
0.000000
0.000000
0.000000
0.000000
0.000000
0.000000
-2.698096
0.000000
0.000000
0.000000
0.000000
0.000000
0.000000
0.000000
0.000000
0.000000
-2.952841
0.000000
0.000000
0.000000
0.000000
0.000000
0.000000
0.000000
0.000000
0.000000
0.300000
-15.662766
0.000000
0.000000
345.719055
0.000000
-2.051786
0.000000
0.000000
0.000000
0.000000
0.000000
-2.172303
0.000000
0.000000
0.000000
0.000000
0.000000
0.050000
0.000000

23
24.500000
2.172303
-2.297524
2.024557
40.435722
44.461285
0.000000
-0.000000
0.000000
-13.893486
0.000000
31.416473
0.000000
-22.220022
0.000000
0.000000
0.000000
0.000000
0.000000
5.000000
0.000000
180.000000
0.000000
0.000000
0.000000
0.000000
0.000000
-2.500000
0.000000
5.000000
0.000000
180.000000
0.000000
0.000000
0.000000
0.000000
0.000000
2.500000
0.000000
5.000000
0.000000
180.000000
0.000000
0.000000
0.000000
0.000000
0.000000
0.000000
-2.698096
0.000000
0.000000
0.000000
0.000000
0.000000
0.000000
0.000000
0.000000
0.000000
-2.952841
0.000000
0.000000
0.000000
0.000000
0.000000
0.000000
0.000000
0.000000
0.000000
-1.751786
-31.335424
0.000000
0.000000
0.000000
0.000000
-2.051786
0.000000
0.000000
0.000000
0.000000
0.000000
-2.172303
0.000000
0.000000
0.000000
0.000000
0.000000
0.050000
0.000000

