1

0
0.000000
-1.537200
-10.534856
-3.326400
63.656380
0.000000
0.000000
6.666028
0.000000
0.000000
0.000000
0.000000
0.000000
0.000000
0.000000
0.000000
0.000000
-2.344230
5.115599
0.000000
0.000000
0.000000
0.000000
0.000000
0.000000
0.000000
0.000000
-3.643951
4.346999
0.000000
0.000000
0.000000
0.000000
0.000000
0.000000
0.000000
0.000000
-5.128199
0.000000
0.000000
0.000000
0.000000
0.000000
0.000000
0.000000
0.000000
0.000000
-1.827630
0.000000
0.000000
0.000000
0.000000
0.000000
0.000000
0.000000
0.000000
0.000000
0.000000
0.000000
0.000000
0.000000
0.000000
0.000000
0.000000
0.000000
0.000000
0.000000
0.000000
0.000000
0.000000
0.000000
0.000000
0.000000
0.000000
0.000000
0.000000
0.000000
0.000000
0.000000
0.000000
0.000000
0.000000
0.000000
0.000000
0.000000
0.000000
0.000000
0.000000
0.000000
0.000000

1
5.067562
-1.537200
-17.918459
-7.951228
60.892246
0.000000
0.000000
9.462596
0.794430
0.000000
0.000000
0.000000
0.000000
0.000000
0.000000
0.000000
0.000000
-2.344230
5.115599
0.000000
0.000000
0.000000
0.000000
0.000000
0.000000
0.000000
0.000000
-12.203158
14.312963
-3.803278
-11.552624
-21.545996
0.000000
0.000000
0.000000
0.000000
0.000000
-18.751982
5.749410
-2.835630
8.646749
23.034370
0.000000
0.000000
0.000000
0.000000
0.000000
-1.827630
0.000000
0.000000
0.000000
0.000000
0.000000
0.000000
0.000000
0.000000
0.000000
0.000000
0.000000
0.000000
0.000000
0.000000
0.000000
0.000000
0.000000
0.000000
0.000000
0.000000
0.000000
0.000000
0.000000
0.000000
0.000000
0.000000
0.000000
0.000000
0.000000
0.000000
0.000000
0.000000
0.000000
0.000000
0.000000
0.000000
0.000000
0.000000
0.000000
0.000000
0.000000
0.000000

